//# earth_rotmat.cc
//# Copyright (C) 2016 David Mehringer
//# 
//#     This program is free software: you can redistribute it and/or modify
//#     it under the terms of the GNU General Public License as published by
//#     the Free Software Foundation, either version 3 of the License, or
//#     (at your option) any later version.
//# 
//#     This program is distributed in the hope that it will be useful,
//#     but WITHOUT ANY WARRANTY; without even the implied warranty of
//#     MERCHANTABILITY or FITNESS FOR A PARTICULAR PURPOSE.  See the
//#     GNU General Public License for more details.
//# 
//#     You should have received a copy of the GNU General Public License
//#     along with this program.  If not, see <http://www.gnu.org/licenses/>.
//# 
    _data[2415020.5] = RotMatrix3x3(
        array<double, 9> {
           1.0, 1.23806324741e-15, 5.57128461333e-16,
           0.0, 0.917482062069, 0.397777155932,
           0.0, -0.397777155932, 0.917482062069
        }
    );
    _data[2415030.5] = RotMatrix3x3(
        array<double, 9> {
           1.0, 1.01888897572e-16, -5.09444487858e-17,
           0.0, 0.917482062069, 0.397777155932,
           0.0, -0.397777155932, 0.917482062069
        }
    );
    _data[2415040.5] = RotMatrix3x3(
        array<double, 9> {
           1.0, 2.74002756632e-16, 0.0,
           0.0, 0.917482062069, 0.397777155932,
           0.0, -0.397777155932, 0.917482062069
        }
    );
    _data[2415050.5] = RotMatrix3x3(
        array<double, 9> {
           1.0, 2.18217091516e-16, -4.36434183031e-17,
           1.2591261307e-16, 0.917482062069, 0.397777155932,
           -2.16536302884e-16, -0.397777155932, 0.917482062069
        }
    );
    _data[2415060.5] = RotMatrix3x3(
        array<double, 9> {
           1.0, -6.05536796547e-17, -1.65146399058e-17,
           0.0, 0.917482062069, 0.397777155932,
           0.0, -0.397777155932, 0.917482062069
        }
    );
    _data[2415070.5] = RotMatrix3x3(
        array<double, 9> {
           1.0, -9.08414265012e-17, -4.54207132506e-17,
           0.0, 0.917482062069, 0.397777155932,
           0.0, -0.397777155932, 0.917482062069
        }
    );
    _data[2415080.5] = RotMatrix3x3(
        array<double, 9> {
           1.0, 0.0, -6.35313696454e-18,
           0.0, 0.917482062069, 0.397777155932,
           0.0, -0.397777155932, 0.917482062069
        }
    );
    _data[2415090.5] = RotMatrix3x3(
        array<double, 9> {
           1.0, -1.2308727431e-16, 3.07718185775e-17,
           7.31798772844e-16, 0.917482062069, 0.397777155932,
           1.54862942006e-14, -0.397777155932, 0.917482062069
        }
    );
    _data[2415100.5] = RotMatrix3x3(
        array<double, 9> {
           1.0, -1.08376114973e-15, -4.64469064169e-16,
           -1.54538531535e-16, 0.917482062069, 0.397777155932,
           -1.16430341637e-14, -0.397777155932, 0.917482062069
        }
    );
    _data[2415110.5] = RotMatrix3x3(
        array<double, 9> {
           1.0, -1.67678882444e-16, -1.91563178426e-16,
           0.0, 0.917482062069, 0.397777155932,
           0.0, -0.397777155932, 0.917482062069
        }
    );
    _data[2415120.5] = RotMatrix3x3(
        array<double, 9> {
           1.0, 2.00061767855e-17, 0.0,
           -5.85002678865e-17, 0.917482062069, 0.397777155932,
           -2.02129905269e-16, -0.397777155932, 0.917482062069
        }
    );
    _data[2415130.5] = RotMatrix3x3(
        array<double, 9> {
           1.0, -1.42331280202e-16, -8.37242824718e-18,
           0.0, 0.917482062069, 0.397777155932,
           0.0, -0.397777155932, 0.917482062069
        }
    );
    _data[2415140.5] = RotMatrix3x3(
        array<double, 9> {
           1.0, 4.69578747694e-16, 4.25555740097e-16,
           -3.18761353879e-16, 0.917482062069, 0.397777155932,
           4.81532347155e-15, -0.397777155932, 0.917482062069
        }
    );
    _data[2415150.5] = RotMatrix3x3(
        array<double, 9> {
           1.0, 0.0, 2.85293369631e-17,
           0.0, 0.917482062069, 0.397777155932,
           0.0, -0.397777155932, 0.917482062069
        }
    );
    _data[2415160.5] = RotMatrix3x3(
        array<double, 9> {
           1.0, 0.0, 0.0,
           4.66471326038e-17, 0.917482062069, 0.397777155932,
           -1.40827871157e-16, -0.397777155932, 0.917482062069
        }
    );
    _data[2415170.5] = RotMatrix3x3(
        array<double, 9> {
           1.0, 5.25815798955e-16, -1.31453949739e-16,
           -2.10203220396e-17, 0.917482062069, 0.397777155932,
           -2.97111686768e-16, -0.397777155932, 0.917482062069
        }
    );
    _data[2415180.5] = RotMatrix3x3(
        array<double, 9> {
           1.0, 1.01643425582e-15, 5.08217127912e-16,
           -1.58923736071e-16, 0.917482062069, 0.397777155932,
           4.59232485256e-15, -0.397777155932, 0.917482062069
        }
    );
    _data[2415190.5] = RotMatrix3x3(
        array<double, 9> {
           1.0, 8.75532411583e-16, 1.31329861738e-15,
           0.0, 0.917482062069, 0.397777155932,
           0.0, -0.397777155932, 0.917482062069
        }
    );
    _data[2415200.5] = RotMatrix3x3(
        array<double, 9> {
           1.0, -4.3038820376e-16, 2.1519410188e-16,
           8.03486537383e-17, 0.917482062069, 0.397777155932,
           6.20453751048e-16, -0.397777155932, 0.917482062069
        }
    );
    _data[2415210.5] = RotMatrix3x3(
        array<double, 9> {
           1.0, 0.0, -5.32154764488e-17,
           0.0, 0.917482062069, 0.397777155932,
           0.0, -0.397777155932, 0.917482062069
        }
    );
    _data[2415220.5] = RotMatrix3x3(
        array<double, 9> {
           1.0, 1.2077573285e-16, -6.03878664251e-17,
           -3.72216531986e-18, 0.917482062069, 0.397777155932,
           -2.89529334012e-16, -0.397777155932, 0.917482062069
        }
    );
    _data[2415230.5] = RotMatrix3x3(
        array<double, 9> {
           1.0, 0.0, 3.54563034626e-16,
           -1.60324028215e-17, 0.917482062069, 0.397777155932,
           -3.64259134065e-16, -0.397777155932, 0.917482062069
        }
    );
    _data[2415240.5] = RotMatrix3x3(
        array<double, 9> {
           1.0, 0.0, -7.09329982771e-17,
           1.38180416916e-16, 0.917482062069, 0.397777155932,
           8.07624059906e-16, -0.397777155932, 0.917482062069
        }
    );
    _data[2415250.5] = RotMatrix3x3(
        array<double, 9> {
           1.0, -2.00373359037e-16, -1.00186679519e-16,
           -3.67419911016e-17, 0.917482062069, 0.397777155932,
           -2.83082663853e-16, -0.397777155932, 0.917482062069
        }
    );
    _data[2415260.5] = RotMatrix3x3(
        array<double, 9> {
           1.0, 1.21864189516e-16, 0.0,
           5.94207825954e-17, 0.917482062069, 0.397777155932,
           1.07121461991e-15, -0.397777155932, 0.917482062069
        }
    );
    _data[2415270.5] = RotMatrix3x3(
        array<double, 9> {
           1.0, 2.64535566642e-16, 1.54312413875e-16,
           -2.01090106166e-16, 0.917482062069, 0.397777155932,
           -1.95165708068e-15, -0.397777155932, 0.917482062069
        }
    );
    _data[2415280.5] = RotMatrix3x3(
        array<double, 9> {
           1.0, -5.25313434933e-16, 9.34511488858e-17,
           1.07697215795e-15, 0.917482062069, 0.397777155932,
           1.4810027743e-14, -0.397777155932, 0.917482062069
        }
    );
    _data[2415290.5] = RotMatrix3x3(
        array<double, 9> {
           1.0, 0.0, -2.09130274741e-17,
           5.30838914375e-17, 0.917482062069, 0.397777155932,
           2.07312441883e-15, -0.397777155932, 0.917482062069
        }
    );
    _data[2415300.5] = RotMatrix3x3(
        array<double, 9> {
           1.0, -9.93969125991e-17, 4.96984562996e-17,
           0.0, 0.917482062069, 0.397777155932,
           0.0, -0.397777155932, 0.917482062069
        }
    );
    _data[2415310.5] = RotMatrix3x3(
        array<double, 9> {
           1.0, 0.0, -4.69641927324e-17,
           8.44038381357e-17, 0.917482062069, 0.397777155932,
           2.65633838365e-16, -0.397777155932, 0.917482062069
        }
    );
    _data[2415320.5] = RotMatrix3x3(
        array<double, 9> {
           1.0, 1.39179304819e-17, 3.47948262048e-17,
           0.0, 0.917482062069, 0.397777155932,
           0.0, -0.397777155932, 0.917482062069
        }
    );
    _data[2415330.5] = RotMatrix3x3(
        array<double, 9> {
           1.0, -1.18195805115e-15, -1.46121187642e-15,
           -1.56756335609e-15, 0.917482062069, 0.397777155932,
           2.41564413089e-14, -0.397777155932, 0.917482062069
        }
    );
    _data[2415340.5] = RotMatrix3x3(
        array<double, 9> {
           1.0, -1.01934944678e-16, 0.0,
           4.17612958985e-17, 0.917482062069, 0.397777155932,
           -1.23442519569e-15, -0.397777155932, 0.917482062069
        }
    );
    _data[2415350.5] = RotMatrix3x3(
        array<double, 9> {
           1.0, 0.0, 0.0,
           0.0, 0.917482062069, 0.397777155932,
           0.0, -0.397777155932, 0.917482062069
        }
    );
    _data[2415360.5] = RotMatrix3x3(
        array<double, 9> {
           1.0, 7.0220186242e-16, -1.17033643737e-16,
           0.0, 0.917482062069, 0.397777155932,
           0.0, -0.397777155932, 0.917482062069
        }
    );
    _data[2415370.5] = RotMatrix3x3(
        array<double, 9> {
           1.0, 0.0, -3.54302827994e-16,
           0.0, 0.917482062069, 0.397777155932,
           0.0, -0.397777155932, 0.917482062069
        }
    );
    _data[2415380.5] = RotMatrix3x3(
        array<double, 9> {
           1.0, -3.96698361255e-16, 9.91745903137e-17,
           0.0, 0.917482062069, 0.397777155932,
           0.0, -0.397777155932, 0.917482062069
        }
    );
    _data[2415390.5] = RotMatrix3x3(
        array<double, 9> {
           1.0, 7.72636073987e-16, 3.86318036993e-16,
           0.0, 0.917482062069, 0.397777155932,
           0.0, -0.397777155932, 0.917482062069
        }
    );
    _data[2415400.5] = RotMatrix3x3(
        array<double, 9> {
           1.0, 0.0, -4.03437759166e-16,
           0.0, 0.917482062069, 0.397777155932,
           0.0, -0.397777155932, 0.917482062069
        }
    );
    _data[2415410.5] = RotMatrix3x3(
        array<double, 9> {
           1.0, -2.50881635605e-16, -6.27204089013e-17,
           4.06294480711e-17, 0.917482062069, 0.397777155932,
           -5.20534167094e-16, -0.397777155932, 0.917482062069
        }
    );
    _data[2415420.5] = RotMatrix3x3(
        array<double, 9> {
           1.0, 0.0, 5.15366763271e-17,
           -9.23698315712e-17, 0.917482062069, 0.397777155932,
           1.50561889643e-15, -0.397777155932, 0.917482062069
        }
    );
    _data[2415430.5] = RotMatrix3x3(
        array<double, 9> {
           1.0, 0.0, 4.04142286763e-17,
           -3.02269604457e-18, 0.917482062069, 0.397777155932,
           1.50373973918e-16, -0.397777155932, 0.917482062069
        }
    );
    _data[2415440.5] = RotMatrix3x3(
        array<double, 9> {
           1.0, 2.65688532006e-16, 8.8562844002e-17,
           7.63605368049e-17, 0.917482062069, 0.397777155932,
           -8.06798090798e-16, -0.397777155932, 0.917482062069
        }
    );
    _data[2415450.5] = RotMatrix3x3(
        array<double, 9> {
           1.0, 2.26406089e-16, -3.77343481667e-17,
           0.0, 0.917482062069, 0.397777155932,
           0.0, -0.397777155932, 0.917482062069
        }
    );
    _data[2415460.5] = RotMatrix3x3(
        array<double, 9> {
           1.0, 3.42413875164e-17, 6.84827750328e-17,
           0.0, 0.917482062069, 0.397777155932,
           0.0, -0.397777155932, 0.917482062069
        }
    );
    _data[2415470.5] = RotMatrix3x3(
        array<double, 9> {
           1.0, 1.04271164608e-14, 3.87585547031e-15,
           -3.07462570601e-14, 0.917482062069, 0.397777155932,
           -5.1684085792e-13, -0.397777155932, 0.917482062069
        }
    );
    _data[2415480.5] = RotMatrix3x3(
        array<double, 9> {
           1.0, -3.2984686225e-17, 4.94770293375e-17,
           4.69925211327e-16, 0.917482062069, 0.397777155932,
           -4.89439485861e-15, -0.397777155932, 0.917482062069
        }
    );
    _data[2415490.5] = RotMatrix3x3(
        array<double, 9> {
           1.0, 0.0, -3.49445753282e-17,
           0.0, 0.917482062069, 0.397777155932,
           0.0, -0.397777155932, 0.917482062069
        }
    );
    _data[2415500.5] = RotMatrix3x3(
        array<double, 9> {
           1.0, 0.0, 0.0,
           -2.8010964584e-17, 0.917482062069, 0.397777155932,
           4.81581856648e-16, -0.397777155932, 0.917482062069
        }
    );
    _data[2415510.5] = RotMatrix3x3(
        array<double, 9> {
           1.0, -5.6914233809e-16, -9.48570563484e-17,
           -3.13589827649e-17, 0.917482062069, 0.397777155932,
           1.06015024234e-15, -0.397777155932, 0.917482062069
        }
    );
    _data[2415520.5] = RotMatrix3x3(
        array<double, 9> {
           1.0, 2.29841164357e-15, 1.02151628603e-15,
           2.45419830208e-16, 0.917482062069, 0.397777155932,
           8.45195198567e-15, -0.397777155932, 0.917482062069
        }
    );
    _data[2415530.5] = RotMatrix3x3(
        array<double, 9> {
           1.0, 1.26009257757e-15, 2.10015429594e-16,
           -1.42943773595e-17, 0.917482062069, 0.397777155932,
           -5.77263150597e-16, -0.397777155932, 0.917482062069
        }
    );
    _data[2415540.5] = RotMatrix3x3(
        array<double, 9> {
           1.0, -1.32550924868e-15, 0.0,
           -2.43604244589e-18, 0.917482062069, 0.397777155932,
           -1.78404516585e-16, -0.397777155932, 0.917482062069
        }
    );
    _data[2415550.5] = RotMatrix3x3(
        array<double, 9> {
           1.0, 2.81206005214e-15, 2.20947575525e-15,
           0.0, 0.917482062069, 0.397777155932,
           0.0, -0.397777155932, 0.917482062069
        }
    );
    _data[2415560.5] = RotMatrix3x3(
        array<double, 9> {
           1.0, 1.66202424942e-15, 2.07753031177e-16,
           0.0, 0.917482062069, 0.397777155932,
           0.0, -0.397777155932, 0.917482062069
        }
    );
    _data[2415570.5] = RotMatrix3x3(
        array<double, 9> {
           1.0, 2.65441064647e-16, 1.32720532323e-16,
           -1.65328795522e-16, 0.917482062069, 0.397777155932,
           8.39536637898e-16, -0.397777155932, 0.917482062069
        }
    );
    _data[2415580.5] = RotMatrix3x3(
        array<double, 9> {
           1.0, -6.14119619819e-16, 6.14119619819e-16,
           6.05745240107e-17, 0.917482062069, 0.397777155932,
           3.39626904951e-16, -0.397777155932, 0.917482062069
        }
    );
    _data[2415590.5] = RotMatrix3x3(
        array<double, 9> {
           1.0, -1.75183737037e-16, -1.31387802778e-16,
           0.0, 0.917482062069, 0.397777155932,
           0.0, -0.397777155932, 0.917482062069
        }
    );
    _data[2415600.5] = RotMatrix3x3(
        array<double, 9> {
           1.0, 0.0, 0.0,
           0.0, 0.917482062069, 0.397777155932,
           0.0, -0.397777155932, 0.917482062069
        }
    );
    _data[2415610.5] = RotMatrix3x3(
        array<double, 9> {
           1.0, 5.88428179725e-17, 6.86499543013e-17,
           -1.50503906226e-18, 0.917482062069, 0.397777155932,
           8.0988355454e-16, -0.397777155932, 0.917482062069
        }
    );
    _data[2415620.5] = RotMatrix3x3(
        array<double, 9> {
           1.0, -3.01463502801e-17, -1.50731751401e-17,
           0.0, 0.917482062069, 0.397777155932,
           0.0, -0.397777155932, 0.917482062069
        }
    );
    _data[2415630.5] = RotMatrix3x3(
        array<double, 9> {
           1.0, -1.23984167582e-16, -1.44648195512e-16,
           0.0, 0.917482062069, 0.397777155932,
           0.0, -0.397777155932, 0.917482062069
        }
    );
    _data[2415640.5] = RotMatrix3x3(
        array<double, 9> {
           1.0, 2.06143530917e-17, 0.0,
           0.0, 0.917482062069, 0.397777155932,
           0.0, -0.397777155932, 0.917482062069
        }
    );
    _data[2415650.5] = RotMatrix3x3(
        array<double, 9> {
           1.0, 0.0, -1.15980153846e-16,
           0.0, 0.917482062069, 0.397777155932,
           0.0, -0.397777155932, 0.917482062069
        }
    );
    _data[2415660.5] = RotMatrix3x3(
        array<double, 9> {
           1.0, -1.15651143979e-16, -2.89127859947e-16,
           0.0, 0.917482062069, 0.397777155932,
           0.0, -0.397777155932, 0.917482062069
        }
    );
    _data[2415670.5] = RotMatrix3x3(
        array<double, 9> {
           1.0, 3.16016362686e-16, -1.58008181343e-16,
           3.61322121381e-17, 0.917482062069, 0.397777155932,
           4.13794376948e-15, -0.397777155932, 0.917482062069
        }
    );
    _data[2415680.5] = RotMatrix3x3(
        array<double, 9> {
           1.0, 1.32032905754e-15, -1.10027421462e-16,
           -7.54403356121e-17, 0.917482062069, 0.397777155932,
           3.0427796843e-15, -0.397777155932, 0.917482062069
        }
    );
    _data[2415690.5] = RotMatrix3x3(
        array<double, 9> {
           1.0, 1.19078437497e-16, 5.95392187485e-17,
           8.92249174168e-18, 0.917482062069, 0.397777155932,
           1.62503211957e-16, -0.397777155932, 0.917482062069
        }
    );
    _data[2415700.5] = RotMatrix3x3(
        array<double, 9> {
           1.0, 8.92363115095e-17, -8.92363115095e-17,
           3.22356484892e-19, 0.917482062069, 0.397777155932,
           -3.58831549365e-16, -0.397777155932, 0.917482062069
        }
    );
    _data[2415710.5] = RotMatrix3x3(
        array<double, 9> {
           1.0, 1.43785255822e-16, 0.0,
           0.0, 0.917482062069, 0.397777155932,
           0.0, -0.397777155932, 0.917482062069
        }
    );
    _data[2415720.5] = RotMatrix3x3(
        array<double, 9> {
           1.0, 1.53337110753e-16, 0.0,
           0.0, 0.917482062069, 0.397777155932,
           0.0, -0.397777155932, 0.917482062069
        }
    );
    _data[2415730.5] = RotMatrix3x3(
        array<double, 9> {
           1.0, 9.09365301071e-16, 2.27341325268e-16,
           0.0, 0.917482062069, 0.397777155932,
           0.0, -0.397777155932, 0.917482062069
        }
    );
    _data[2415740.5] = RotMatrix3x3(
        array<double, 9> {
           1.0, 1.39064041292e-16, 1.39064041292e-16,
           2.53749077249e-16, 0.917482062069, 0.397777155932,
           -1.45586251391e-14, -0.397777155932, 0.917482062069
        }
    );
    _data[2415750.5] = RotMatrix3x3(
        array<double, 9> {
           1.0, -7.14868378956e-16, -2.14460513687e-16,
           0.0, 0.917482062069, 0.397777155932,
           0.0, -0.397777155932, 0.917482062069
        }
    );
    _data[2415760.5] = RotMatrix3x3(
        array<double, 9> {
           1.0, 0.0, 0.0,
           0.0, 0.917482062069, 0.397777155932,
           0.0, -0.397777155932, 0.917482062069
        }
    );
    _data[2415770.5] = RotMatrix3x3(
        array<double, 9> {
           1.0, -1.27224126119e-16, -6.36120630595e-17,
           0.0, 0.917482062069, 0.397777155932,
           0.0, -0.397777155932, 0.917482062069
        }
    );
    _data[2415780.5] = RotMatrix3x3(
        array<double, 9> {
           1.0, 6.15118237554e-17, -3.07559118777e-17,
           -1.31531125677e-16, 0.917482062069, 0.397777155932,
           -1.6059917088e-15, -0.397777155932, 0.917482062069
        }
    );
    _data[2415790.5] = RotMatrix3x3(
        array<double, 9> {
           1.0, 3.09915066191e-16, 3.87393832739e-17,
           0.0, 0.917482062069, 0.397777155932,
           0.0, -0.397777155932, 0.917482062069
        }
    );
    _data[2415800.5] = RotMatrix3x3(
        array<double, 9> {
           1.0, 2.02528347844e-16, 5.06320869611e-17,
           5.99137212657e-17, 0.917482062069, 0.397777155932,
           -1.04058815574e-15, -0.397777155932, 0.917482062069
        }
    );
    _data[2415810.5] = RotMatrix3x3(
        array<double, 9> {
           1.0, -1.01270469915e-16, 0.0,
           4.71020124291e-17, 0.917482062069, 0.397777155932,
           9.14142782615e-16, -0.397777155932, 0.917482062069
        }
    );
    _data[2415820.5] = RotMatrix3x3(
        array<double, 9> {
           1.0, -1.62201550364e-16, -4.0550387591e-17,
           0.0, 0.917482062069, 0.397777155932,
           0.0, -0.397777155932, 0.917482062069
        }
    );
    _data[2415830.5] = RotMatrix3x3(
        array<double, 9> {
           1.0, -2.50185736143e-16, -6.25464340358e-17,
           0.0, 0.917482062069, 0.397777155932,
           0.0, -0.397777155932, 0.917482062069
        }
    );
    _data[2415840.5] = RotMatrix3x3(
        array<double, 9> {
           1.0, 2.79516287952e-16, 1.2705285816e-17,
           -1.46791444757e-16, 0.917482062069, 0.397777155932,
           -1.82515204179e-15, -0.397777155932, 0.917482062069
        }
    );
    _data[2415850.5] = RotMatrix3x3(
        array<double, 9> {
           1.0, 9.02382064377e-17, -3.94792153165e-17,
           0.0, 0.917482062069, 0.397777155932,
           0.0, -0.397777155932, 0.917482062069
        }
    );
    _data[2415860.5] = RotMatrix3x3(
        array<double, 9> {
           1.0, 0.0, 0.0,
           0.0, 0.917482062069, 0.397777155932,
           0.0, -0.397777155932, 0.917482062069
        }
    );
    _data[2415870.5] = RotMatrix3x3(
        array<double, 9> {
           1.0, 0.0, 0.0,
           9.22478238594e-18, 0.917482062069, 0.397777155932,
           -7.71058904595e-16, -0.397777155932, 0.917482062069
        }
    );
    _data[2415880.5] = RotMatrix3x3(
        array<double, 9> {
           1.0, 5.17451685303e-17, 3.01846816427e-17,
           -4.11457468033e-18, 0.917482062069, 0.397777155932,
           8.90624495097e-17, -0.397777155932, 0.917482062069
        }
    );
    _data[2415890.5] = RotMatrix3x3(
        array<double, 9> {
           1.0, -8.79088355115e-16, -1.46514725852e-16,
           -2.74079336486e-16, 0.917482062069, 0.397777155932,
           5.63700232418e-15, -0.397777155932, 0.917482062069
        }
    );
    _data[2415900.5] = RotMatrix3x3(
        array<double, 9> {
           1.0, 0.0, 0.0,
           0.0, 0.917482062069, 0.397777155932,
           0.0, -0.397777155932, 0.917482062069
        }
    );
    _data[2415910.5] = RotMatrix3x3(
        array<double, 9> {
           1.0, 0.0, 6.79150440743e-17,
           1.18091745231e-17, 0.917482062069, 0.397777155932,
           8.38769306691e-16, -0.397777155932, 0.917482062069
        }
    );
    _data[2415920.5] = RotMatrix3x3(
        array<double, 9> {
           1.0, 0.0, 0.0,
           7.68534050869e-17, 0.917482062069, 0.397777155932,
           1.16716879597e-15, -0.397777155932, 0.917482062069
        }
    );
    _data[2415930.5] = RotMatrix3x3(
        array<double, 9> {
           1.0, -1.3582545892e-15, -7.76145479541e-16,
           0.0, 0.917482062069, 0.397777155932,
           0.0, -0.397777155932, 0.917482062069
        }
    );
    _data[2415940.5] = RotMatrix3x3(
        array<double, 9> {
           1.0, 5.98504361879e-16, 0.0,
           -1.68088994923e-16, 0.917482062069, 0.397777155932,
           -2.48459514685e-15, -0.397777155932, 0.917482062069
        }
    );
    _data[2415950.5] = RotMatrix3x3(
        array<double, 9> {
           1.0, -8.63953452983e-16, -8.63953452983e-16,
           -2.04752973307e-17, 0.917482062069, 0.397777155932,
           -8.06774720165e-16, -0.397777155932, 0.917482062069
        }
    );
    _data[2415960.5] = RotMatrix3x3(
        array<double, 9> {
           1.0, 4.19372647546e-15, -1.74738603144e-15,
           -9.08115249048e-17, 0.917482062069, 0.397777155932,
           -5.38304460876e-15, -0.397777155932, 0.917482062069
        }
    );
    _data[2415970.5] = RotMatrix3x3(
        array<double, 9> {
           1.0, -1.20056546624e-16, -6.00282733118e-17,
           5.49932467808e-17, 0.917482062069, 0.397777155932,
           1.8334965324e-15, -0.397777155932, 0.917482062069
        }
    );
    _data[2415980.5] = RotMatrix3x3(
        array<double, 9> {
           1.0, 1.82146183371e-16, 2.27682729213e-17,
           0.0, 0.917482062069, 0.397777155932,
           0.0, -0.397777155932, 0.917482062069
        }
    );
    _data[2415990.5] = RotMatrix3x3(
        array<double, 9> {
           1.0, 6.4324948904e-17, 7.50457737214e-17,
           0.0, 0.917482062069, 0.397777155932,
           0.0, -0.397777155932, 0.917482062069
        }
    );
    _data[2416000.5] = RotMatrix3x3(
        array<double, 9> {
           1.0, -8.6909781199e-17, -4.34548905995e-17,
           0.0, 0.917482062069, 0.397777155932,
           0.0, -0.397777155932, 0.917482062069
        }
    );
    _data[2416010.5] = RotMatrix3x3(
        array<double, 9> {
           1.0, -7.53953321597e-17, 0.0,
           -3.32524393213e-16, 0.917482062069, 0.397777155932,
           4.51416891261e-15, -0.397777155932, 0.917482062069
        }
    );
    _data[2416020.5] = RotMatrix3x3(
        array<double, 9> {
           1.0, 3.46676494149e-17, 8.66691235372e-18,
           0.0, 0.917482062069, 0.397777155932,
           0.0, -0.397777155932, 0.917482062069
        }
    );
    _data[2416030.5] = RotMatrix3x3(
        array<double, 9> {
           1.0, -8.39667783403e-18, -1.88925251266e-17,
           0.0, 0.917482062069, 0.397777155932,
           0.0, -0.397777155932, 0.917482062069
        }
    );
    _data[2416040.5] = RotMatrix3x3(
        array<double, 9> {
           1.0, 1.02713073827e-16, -1.71188456378e-17,
           0.0, 0.917482062069, 0.397777155932,
           0.0, -0.397777155932, 0.917482062069
        }
    );
    _data[2416050.5] = RotMatrix3x3(
        array<double, 9> {
           1.0, -7.3697683701e-17, 7.3697683701e-17,
           0.0, 0.917482062069, 0.397777155932,
           0.0, -0.397777155932, 0.917482062069
        }
    );
    _data[2416060.5] = RotMatrix3x3(
        array<double, 9> {
           1.0, 1.69153438932e-16, 8.45767194658e-17,
           2.04454328924e-16, 0.917482062069, 0.397777155932,
           2.53288644487e-15, -0.397777155932, 0.917482062069
        }
    );
    _data[2416070.5] = RotMatrix3x3(
        array<double, 9> {
           1.0, -2.11473434446e-16, 0.0,
           0.0, 0.917482062069, 0.397777155932,
           0.0, -0.397777155932, 0.917482062069
        }
    );
    _data[2416080.5] = RotMatrix3x3(
        array<double, 9> {
           1.0, -1.4498146516e-15, -7.24907325798e-16,
           0.0, 0.917482062069, 0.397777155932,
           0.0, -0.397777155932, 0.917482062069
        }
    );
    _data[2416090.5] = RotMatrix3x3(
        array<double, 9> {
           1.0, -4.54095795798e-15, 2.5227544211e-15,
           0.0, 0.917482062069, 0.397777155932,
           0.0, -0.397777155932, 0.917482062069
        }
    );
    _data[2416100.5] = RotMatrix3x3(
        array<double, 9> {
           1.0, 4.41274203375e-15, 0.0,
           -2.112287344e-18, 0.917482062069, 0.397777155932,
           3.35227014722e-16, -0.397777155932, 0.917482062069
        }
    );
    _data[2416110.5] = RotMatrix3x3(
        array<double, 9> {
           1.0, -5.49317079395e-15, -1.5258807761e-15,
           0.0, 0.917482062069, 0.397777155932,
           0.0, -0.397777155932, 0.917482062069
        }
    );
    _data[2416120.5] = RotMatrix3x3(
        array<double, 9> {
           1.0, 0.0, 0.0,
           -4.66674837939e-17, 0.917482062069, 0.397777155932,
           -8.61834563329e-16, -0.397777155932, 0.917482062069
        }
    );
    _data[2416130.5] = RotMatrix3x3(
        array<double, 9> {
           1.0, 2.62874655891e-15, 0.0,
           0.0, 0.917482062069, 0.397777155932,
           0.0, -0.397777155932, 0.917482062069
        }
    );
    _data[2416140.5] = RotMatrix3x3(
        array<double, 9> {
           1.0, -8.81193618104e-17, -6.16835532673e-16,
           0.0, 0.917482062069, 0.397777155932,
           0.0, -0.397777155932, 0.917482062069
        }
    );
    _data[2416150.5] = RotMatrix3x3(
        array<double, 9> {
           1.0, 0.0, 3.86443583113e-17,
           -1.05348975667e-17, 0.917482062069, 0.397777155932,
           -1.07442505415e-15, -0.397777155932, 0.917482062069
        }
    );
    _data[2416160.5] = RotMatrix3x3(
        array<double, 9> {
           1.0, 0.0, 0.0,
           6.57565088152e-17, 0.917482062069, 0.397777155932,
           -5.43199432916e-16, -0.397777155932, 0.917482062069
        }
    );
    _data[2416170.5] = RotMatrix3x3(
        array<double, 9> {
           1.0, -1.69572321872e-16, -3.56994361835e-17,
           -2.70741214056e-17, 0.917482062069, 0.397777155932,
           -1.04003098344e-15, -0.397777155932, 0.917482062069
        }
    );
    _data[2416180.5] = RotMatrix3x3(
        array<double, 9> {
           1.0, -5.56370467051e-17, -9.27284111752e-18,
           0.0, 0.917482062069, 0.397777155932,
           0.0, -0.397777155932, 0.917482062069
        }
    );
    _data[2416190.5] = RotMatrix3x3(
        array<double, 9> {
           1.0, 0.0, 2.02920263141e-17,
           0.0, 0.917482062069, 0.397777155932,
           0.0, -0.397777155932, 0.917482062069
        }
    );
    _data[2416200.5] = RotMatrix3x3(
        array<double, 9> {
           1.0, 4.40045826034e-17, 1.10011456509e-17,
           7.71597446871e-17, 0.917482062069, 0.397777155932,
           -1.67531894649e-15, -0.397777155932, 0.917482062069
        }
    );
    _data[2416210.5] = RotMatrix3x3(
        array<double, 9> {
           1.0, -8.41008685326e-17, -1.05126085666e-17,
           9.23058908075e-17, 0.917482062069, 0.397777155932,
           8.40629949148e-16, -0.397777155932, 0.917482062069
        }
    );
    _data[2416220.5] = RotMatrix3x3(
        array<double, 9> {
           1.0, 2.9069369042e-16, 9.68978968067e-17,
           0.0, 0.917482062069, 0.397777155932,
           0.0, -0.397777155932, 0.917482062069
        }
    );
    _data[2416230.5] = RotMatrix3x3(
        array<double, 9> {
           1.0, -1.4771557517e-16, 7.38577875852e-17,
           -1.49853860055e-16, 0.917482062069, 0.397777155932,
           3.46966031658e-15, -0.397777155932, 0.917482062069
        }
    );
    _data[2416240.5] = RotMatrix3x3(
        array<double, 9> {
           1.0, -2.92709759276e-16, 1.46354879638e-16,
           0.0, 0.917482062069, 0.397777155932,
           0.0, -0.397777155932, 0.917482062069
        }
    );
    _data[2416250.5] = RotMatrix3x3(
        array<double, 9> {
           1.0, 0.0, 0.0,
           1.19029417456e-17, 0.917482062069, 0.397777155932,
           -3.19052844945e-16, -0.397777155932, 0.917482062069
        }
    );
    _data[2416260.5] = RotMatrix3x3(
        array<double, 9> {
           1.0, 0.0, -1.96709672729e-16,
           0.0, 0.917482062069, 0.397777155932,
           0.0, -0.397777155932, 0.917482062069
        }
    );
    _data[2416270.5] = RotMatrix3x3(
        array<double, 9> {
           1.0, 0.0, 2.51734795715e-16,
           0.0, 0.917482062069, 0.397777155932,
           0.0, -0.397777155932, 0.917482062069
        }
    );
    _data[2416280.5] = RotMatrix3x3(
        array<double, 9> {
           1.0, 0.0, 1.00657235585e-16,
           -2.96221780332e-17, 0.917482062069, 0.397777155932,
           6.91872121779e-17, -0.397777155932, 0.917482062069
        }
    );
    _data[2416290.5] = RotMatrix3x3(
        array<double, 9> {
           1.0, 0.0, 1.80914338263e-16,
           5.92539532579e-17, 0.917482062069, 0.397777155932,
           6.97952291316e-16, -0.397777155932, 0.917482062069
        }
    );
    _data[2416300.5] = RotMatrix3x3(
        array<double, 9> {
           1.0, 1.05512125137e-15, 7.91340938529e-16,
           6.48163286186e-16, 0.917482062069, 0.397777155932,
           2.21596586456e-14, -0.397777155932, 0.917482062069
        }
    );
    _data[2416310.5] = RotMatrix3x3(
        array<double, 9> {
           1.0, -4.53894881781e-17, -2.2694744089e-17,
           0.0, 0.917482062069, 0.397777155932,
           0.0, -0.397777155932, 0.917482062069
        }
    );
    _data[2416320.5] = RotMatrix3x3(
        array<double, 9> {
           1.0, 0.0, 8.27788370092e-17,
           0.0, 0.917482062069, 0.397777155932,
           0.0, -0.397777155932, 0.917482062069
        }
    );
    _data[2416330.5] = RotMatrix3x3(
        array<double, 9> {
           1.0, 1.07580176654e-16, 5.3790088327e-17,
           0.0, 0.917482062069, 0.397777155932,
           0.0, -0.397777155932, 0.917482062069
        }
    );
    _data[2416340.5] = RotMatrix3x3(
        array<double, 9> {
           1.0, 9.43873169608e-17, 0.0,
           -2.0721079976e-16, 0.917482062069, 0.397777155932,
           9.26087271807e-16, -0.397777155932, 0.917482062069
        }
    );
    _data[2416350.5] = RotMatrix3x3(
        array<double, 9> {
           1.0, 2.41804144252e-17, 1.81353108189e-17,
           -2.68716596657e-16, 0.917482062069, 0.397777155932,
           -1.17179300812e-15, -0.397777155932, 0.917482062069
        }
    );
    _data[2416360.5] = RotMatrix3x3(
        array<double, 9> {
           1.0, 0.0, -1.37101798415e-17,
           -1.43010821781e-16, 0.917482062069, 0.397777155932,
           -1.87659015913e-15, -0.397777155932, 0.917482062069
        }
    );
    _data[2416370.5] = RotMatrix3x3(
        array<double, 9> {
           1.0, -1.00061574346e-16, 6.67077162306e-17,
           0.0, 0.917482062069, 0.397777155932,
           0.0, -0.397777155932, 0.917482062069
        }
    );
    _data[2416380.5] = RotMatrix3x3(
        array<double, 9> {
           1.0, -4.09174233808e-17, -4.09174233808e-17,
           0.0, 0.917482062069, 0.397777155932,
           0.0, -0.397777155932, 0.917482062069
        }
    );
    _data[2416390.5] = RotMatrix3x3(
        array<double, 9> {
           1.0, -1.29498824902e-16, -6.47494124508e-17,
           0.0, 0.917482062069, 0.397777155932,
           0.0, -0.397777155932, 0.917482062069
        }
    );
    _data[2416400.5] = RotMatrix3x3(
        array<double, 9> {
           1.0, -8.61648242284e-18, 0.0,
           -2.2405761214e-16, 0.917482062069, 0.397777155932,
           -2.37931905845e-15, -0.397777155932, 0.917482062069
        }
    );
    _data[2416410.5] = RotMatrix3x3(
        array<double, 9> {
           1.0, 0.0, 1.31733212507e-17,
           0.0, 0.917482062069, 0.397777155932,
           0.0, -0.397777155932, 0.917482062069
        }
    );
    _data[2416420.5] = RotMatrix3x3(
        array<double, 9> {
           1.0, -2.92136714585e-16, -2.43447262154e-17,
           0.0, 0.917482062069, 0.397777155932,
           0.0, -0.397777155932, 0.917482062069
        }
    );
    _data[2416430.5] = RotMatrix3x3(
        array<double, 9> {
           1.0, -1.09999590825e-16, -5.49997954124e-17,
           0.0, 0.917482062069, 0.397777155932,
           0.0, -0.397777155932, 0.917482062069
        }
    );
    _data[2416440.5] = RotMatrix3x3(
        array<double, 9> {
           1.0, 0.0, 0.0,
           0.0, 0.917482062069, 0.397777155932,
           0.0, -0.397777155932, 0.917482062069
        }
    );
    _data[2416450.5] = RotMatrix3x3(
        array<double, 9> {
           1.0, -2.56445264124e-16, 8.54817547081e-17,
           0.0, 0.917482062069, 0.397777155932,
           0.0, -0.397777155932, 0.917482062069
        }
    );
    _data[2416460.5] = RotMatrix3x3(
        array<double, 9> {
           1.0, 0.0, 0.0,
           0.0, 0.917482062069, 0.397777155932,
           0.0, -0.397777155932, 0.917482062069
        }
    );
    _data[2416470.5] = RotMatrix3x3(
        array<double, 9> {
           1.0, 0.0, 0.0,
           3.07130260989e-17, 0.917482062069, 0.397777155932,
           3.79984520008e-16, -0.397777155932, 0.917482062069
        }
    );
    _data[2416480.5] = RotMatrix3x3(
        array<double, 9> {
           1.0, 0.0, 2.16615821077e-16,
           0.0, 0.917482062069, 0.397777155932,
           0.0, -0.397777155932, 0.917482062069
        }
    );
    _data[2416490.5] = RotMatrix3x3(
        array<double, 9> {
           1.0, -2.67231310125e-16, 6.68078275312e-17,
           0.0, 0.917482062069, 0.397777155932,
           0.0, -0.397777155932, 0.917482062069
        }
    );
    _data[2416500.5] = RotMatrix3x3(
        array<double, 9> {
           1.0, -4.2534363265e-16, 2.12671816325e-16,
           -2.35509417039e-16, 0.917482062069, 0.397777155932,
           -5.34066967098e-15, -0.397777155932, 0.917482062069
        }
    );
    _data[2416510.5] = RotMatrix3x3(
        array<double, 9> {
           1.0, 0.0, -2.16206585696e-16,
           0.0, 0.917482062069, 0.397777155932,
           0.0, -0.397777155932, 0.917482062069
        }
    );
    _data[2416520.5] = RotMatrix3x3(
        array<double, 9> {
           1.0, -2.38434570102e-15, -1.19217285051e-15,
           1.78659871164e-17, 0.917482062069, 0.397777155932,
           7.59973149381e-16, -0.397777155932, 0.917482062069
        }
    );
    _data[2416530.5] = RotMatrix3x3(
        array<double, 9> {
           1.0, 6.53184773086e-16, 2.44944289907e-16,
           1.00312412726e-16, 0.917482062069, 0.397777155932,
           1.68529528575e-15, -0.397777155932, 0.917482062069
        }
    );
    _data[2416540.5] = RotMatrix3x3(
        array<double, 9> {
           1.0, 0.0, -1.71753053463e-16,
           0.0, 0.917482062069, 0.397777155932,
           0.0, -0.397777155932, 0.917482062069
        }
    );
    _data[2416550.5] = RotMatrix3x3(
        array<double, 9> {
           1.0, 3.1835276516e-16, 2.04655349031e-16,
           -7.46436442007e-17, 0.917482062069, 0.397777155932,
           -1.06863332429e-15, -0.397777155932, 0.917482062069
        }
    );
    _data[2416560.5] = RotMatrix3x3(
        array<double, 9> {
           1.0, 4.51617202571e-16, -4.10561093246e-17,
           8.05702441725e-16, 0.917482062069, 0.397777155932,
           1.4240105767e-14, -0.397777155932, 0.917482062069
        }
    );
    _data[2416570.5] = RotMatrix3x3(
        array<double, 9> {
           1.0, 1.16398391504e-16, 5.8199195752e-17,
           0.0, 0.917482062069, 0.397777155932,
           0.0, -0.397777155932, 0.917482062069
        }
    );
    _data[2416580.5] = RotMatrix3x3(
        array<double, 9> {
           1.0, 2.73153313207e-17, 2.50390537106e-17,
           -4.39161931623e-17, 0.917482062069, 0.397777155932,
           6.28031348744e-16, -0.397777155932, 0.917482062069
        }
    );
    _data[2416590.5] = RotMatrix3x3(
        array<double, 9> {
           1.0, -1.07769740286e-16, -8.9808116905e-18,
           -1.16111488849e-17, 0.917482062069, 0.397777155932,
           1.2093164291e-16, -0.397777155932, 0.917482062069
        }
    );
    _data[2416600.5] = RotMatrix3x3(
        array<double, 9> {
           1.0, 0.0, 5.59145817462e-17,
           -6.98176895978e-17, 0.917482062069, 0.397777155932,
           -6.19418067642e-16, -0.397777155932, 0.917482062069
        }
    );
    _data[2416610.5] = RotMatrix3x3(
        array<double, 9> {
           1.0, -1.63791169151e-16, 0.0,
           0.0, 0.917482062069, 0.397777155932,
           0.0, -0.397777155932, 0.917482062069
        }
    );
    _data[2416620.5] = RotMatrix3x3(
        array<double, 9> {
           1.0, -1.93259257749e-16, 3.38203701061e-16,
           8.67211454281e-17, 0.917482062069, 0.397777155932,
           3.59679625512e-16, -0.397777155932, 0.917482062069
        }
    );
    _data[2416630.5] = RotMatrix3x3(
        array<double, 9> {
           1.0, 2.52819573331e-16, 1.26409786666e-16,
           0.0, 0.917482062069, 0.397777155932,
           0.0, -0.397777155932, 0.917482062069
        }
    );
    _data[2416640.5] = RotMatrix3x3(
        array<double, 9> {
           1.0, 7.97400771004e-16, 0.0,
           0.0, 0.917482062069, 0.397777155932,
           0.0, -0.397777155932, 0.917482062069
        }
    );
    _data[2416650.5] = RotMatrix3x3(
        array<double, 9> {
           1.0, 2.88575671244e-16, 1.44287835622e-16,
           0.0, 0.917482062069, 0.397777155932,
           0.0, -0.397777155932, 0.917482062069
        }
