//# JupiterFrameRotMatrix.cc
//# Copyright (C) 2016 David Mehringer
//# 
//#     This program is free software: you can redistribute it and/or modify
//#     it under the terms of the GNU General Public License as published by
//#     the Free Software Foundation, either version 3 of the License, or
//#     (at your option) any later version.
//# 
//#     This program is distributed in the hope that it will be useful,
//#     but WITHOUT ANY WARRANTY; without even the implied warranty of
//#     MERCHANTABILITY or FITNESS FOR A PARTICULAR PURPOSE.  See the
//#     GNU General Public License for more details.
//# 
//#     You should have received a copy of the GNU General Public License
//#     along with this program.  If not, see <http://www.gnu.org/licenses/>.
//# 
#include "JupiterFrameRotMatrix.h"

using namespace std;

namespace kepler {

map<PrecType, RotMatrix3x3> JupiterFrameRotMatrix::_data;

JupiterFrameRotMatrix::JupiterFrameRotMatrix(): _currentEcToEq(), _currentEqToEc()  {
    if (_data.empty()) {
        _initData();
    }
    _currentEcToEq = *_data.begin();
    _currentEqToEc.first = _currentEcToEq.first;
    _currentEqToEc.second = _currentEcToEq.second.transpose();
}

JupiterFrameRotMatrix::~JupiterFrameRotMatrix() {}

const RotMatrix3x3& JupiterFrameRotMatrix::ecToEq(
    PrecType t, TimeUnit unit
) const {
    if (unit == SECOND) {
        t /= SECOND_PER_DAY;
    }
    if (abs(_currentEcToEq.first - t) > 5) {
        _currentEcToEq = *_data.lower_bound(t - 5);
    }
     return _currentEcToEq.second;
}

const RotMatrix3x3& JupiterFrameRotMatrix::eqToEc(
    PrecType t, TimeUnit unit
) const {
    if (unit == SECOND) {
        t /= SECOND_PER_DAY;
    }
    if (abs(_currentEqToEc.first - t) > 5) {
        // _currentEqToEc.first = t;
        // _currentEqToEc.second = _data.lower_bound(t - 5)->second.transpose();
        auto iter = _data.lower_bound(t - 5);
        _currentEqToEc.first = iter->first;
        _currentEqToEc.second = iter->second.transpose();
    }
    return _currentEqToEc.second;
}

void JupiterFrameRotMatrix::_initData() {
    _data[2415020.5] = RotMatrix3x3(
        array<PrecType, 9> {
           0.999428652267, 0.0305046291048, -0.0145546085805,
           -0.0310099304321, 0.99887570934, -0.0358566800669,
           0.0134444502436, 0.0362875308336, 0.999250950394
        }
    );
    _data[2415030.5] = RotMatrix3x3(
        array<PrecType, 9> {
           0.999428651217, 0.0305046572849, -0.0145546215942,
           -0.0310099589083, 0.998875708884, -0.0358566681347,
           0.0134444625896, 0.0362875196886, 0.999250950633
        }
    );
    _data[2415040.5] = RotMatrix3x3(
        array<PrecType, 9> {
           0.999428650168, 0.030504685465, -0.0145546346079,
           -0.0310099873846, 0.998875708428, -0.0358566562026,
           0.0134444749356, 0.0362875085437, 0.999250950871
        }
    );
    _data[2415050.5] = RotMatrix3x3(
        array<PrecType, 9> {
           0.999428649118, 0.0305047136451, -0.0145546476216,
           -0.0310100158609, 0.998875707973, -0.0358566442705,
           0.0134444872816, 0.0362874973987, 0.99925095111
        }
    );
    _data[2415060.5] = RotMatrix3x3(
        array<PrecType, 9> {
           0.999428648068, 0.0305047418251, -0.0145546606353,
           -0.0310100443371, 0.998875707517, -0.0358566323383,
           0.0134444996275, 0.0362874862538, 0.999250951349
        }
    );
    _data[2415070.5] = RotMatrix3x3(
        array<PrecType, 9> {
           0.999428647019, 0.0305047700052, -0.014554673649,
           -0.0310100728134, 0.998875707061, -0.0358566204062,
           0.0134445119735, 0.0362874751088, 0.999250951587
        }
    );
    _data[2415080.5] = RotMatrix3x3(
        array<PrecType, 9> {
           0.999428645969, 0.0305047981853, -0.0145546866627,
           -0.0310101012897, 0.998875706606, -0.035856608474,
           0.0134445243195, 0.0362874639639, 0.999250951826
        }
    );
    _data[2415090.5] = RotMatrix3x3(
        array<PrecType, 9> {
           0.99942864492, 0.0305048263654, -0.0145546996763,
           -0.0310101297659, 0.99887570615, -0.0358565965419,
           0.0134445366654, 0.036287452819, 0.999250952064
        }
    );
    _data[2415100.5] = RotMatrix3x3(
        array<PrecType, 9> {
           0.99942864387, 0.0305048545454, -0.01455471269,
           -0.0310101582422, 0.998875705694, -0.0358565846098,
           0.0134445490114, 0.036287441674, 0.999250952303
        }
    );
    _data[2415110.5] = RotMatrix3x3(
        array<PrecType, 9> {
           0.99942864282, 0.0305048827255, -0.0145547257037,
           -0.0310101867185, 0.998875705238, -0.0358565726776,
           0.0134445613574, 0.0362874305291, 0.999250952542
        }
    );
    _data[2415120.5] = RotMatrix3x3(
        array<PrecType, 9> {
           0.999428641771, 0.0305049109056, -0.0145547387174,
           -0.0310102151947, 0.998875704783, -0.0358565607455,
           0.0134445737034, 0.0362874193842, 0.99925095278
        }
    );
    _data[2415130.5] = RotMatrix3x3(
        array<PrecType, 9> {
           0.999428640721, 0.0305049390857, -0.0145547517311,
           -0.031010243671, 0.998875704327, -0.0358565488133,
           0.0134445860493, 0.0362874082392, 0.999250953019
        }
    );
    _data[2415140.5] = RotMatrix3x3(
        array<PrecType, 9> {
           0.999428639671, 0.0305049672657, -0.0145547647448,
           -0.0310102721473, 0.998875703871, -0.0358565368812,
           0.0134445983953, 0.0362873970943, 0.999250953258
        }
    );
    _data[2415150.5] = RotMatrix3x3(
        array<PrecType, 9> {
           0.999428638622, 0.0305049954458, -0.0145547777585,
           -0.0310103006235, 0.998875703416, -0.0358565249491,
           0.0134446107413, 0.0362873859493, 0.999250953496
        }
    );
    _data[2415160.5] = RotMatrix3x3(
        array<PrecType, 9> {
           0.999428637572, 0.0305050236259, -0.0145547907722,
           -0.0310103290998, 0.99887570296, -0.0358565130169,
           0.0134446230873, 0.0362873748044, 0.999250953735
        }
    );
    _data[2415170.5] = RotMatrix3x3(
        array<PrecType, 9> {
           0.999428636522, 0.030505051806, -0.0145548037858,
           -0.0310103575761, 0.998875702504, -0.0358565010848,
           0.0134446354332, 0.0362873636595, 0.999250953973
        }
    );
    _data[2415180.5] = RotMatrix3x3(
        array<PrecType, 9> {
           0.999428635473, 0.030505079986, -0.0145548167995,
           -0.0310103860523, 0.998875702048, -0.0358564891526,
           0.0134446477792, 0.0362873525145, 0.999250954212
        }
    );
    _data[2415190.5] = RotMatrix3x3(
        array<PrecType, 9> {
           0.999428634423, 0.0305051081661, -0.0145548298132,
           -0.0310104145286, 0.998875701593, -0.0358564772205,
           0.0134446601252, 0.0362873413696, 0.999250954451
        }
    );
    _data[2415200.5] = RotMatrix3x3(
        array<PrecType, 9> {
           0.999428633373, 0.0305051363462, -0.0145548428269,
           -0.0310104430049, 0.998875701137, -0.0358564652884,
           0.0134446724711, 0.0362873302247, 0.999250954689
        }
    );
    _data[2415210.5] = RotMatrix3x3(
        array<PrecType, 9> {
           0.999428632324, 0.0305051645263, -0.0145548558406,
           -0.0310104714811, 0.998875700681, -0.0358564533562,
           0.0134446848171, 0.0362873190797, 0.999250954928
        }
    );
    _data[2415220.5] = RotMatrix3x3(
        array<PrecType, 9> {
           0.999428631274, 0.0305051927063, -0.0145548688543,
           -0.0310104999574, 0.998875700225, -0.0358564414241,
           0.0134446971631, 0.0362873079348, 0.999250955166
        }
    );
    _data[2415230.5] = RotMatrix3x3(
        array<PrecType, 9> {
           0.999428630225, 0.0305052208864, -0.0145548818679,
           -0.0310105284337, 0.99887569977, -0.0358564294919,
           0.0134447095091, 0.0362872967899, 0.999250955405
        }
    );
    _data[2415240.5] = RotMatrix3x3(
        array<PrecType, 9> {
           0.999428629175, 0.0305052490665, -0.0145548948816,
           -0.0310105569099, 0.998875699314, -0.0358564175598,
           0.013444721855, 0.0362872856449, 0.999250955644
        }
    );
    _data[2415250.5] = RotMatrix3x3(
        array<PrecType, 9> {
           0.999428628125, 0.0305052772466, -0.0145549078953,
           -0.0310105853862, 0.998875698858, -0.0358564056276,
           0.013444734201, 0.0362872745, 0.999250955882
        }
    );
    _data[2415260.5] = RotMatrix3x3(
        array<PrecType, 9> {
           0.999428627076, 0.0305053054266, -0.014554920909,
           -0.0310106138625, 0.998875698402, -0.0358563936955,
           0.013444746547, 0.0362872633551, 0.999250956121
        }
    );
    _data[2415270.5] = RotMatrix3x3(
        array<PrecType, 9> {
           0.999428626026, 0.0305053336067, -0.0145549339227,
           -0.0310106423387, 0.998875697947, -0.0358563817633,
           0.013444758893, 0.0362872522101, 0.999250956359
        }
    );
    _data[2415280.5] = RotMatrix3x3(
        array<PrecType, 9> {
           0.999428624976, 0.0305053617868, -0.0145549469363,
           -0.031010670815, 0.998875697491, -0.0358563698312,
           0.0134447712389, 0.0362872410652, 0.999250956598
        }
    );
    _data[2415290.5] = RotMatrix3x3(
        array<PrecType, 9> {
           0.999428623927, 0.0305053899669, -0.01455495995,
           -0.0310106992913, 0.998875697035, -0.035856357899,
           0.0134447835849, 0.0362872299203, 0.999250956837
        }
    );
    _data[2415300.5] = RotMatrix3x3(
        array<PrecType, 9> {
           0.999428622877, 0.030505418147, -0.0145549729637,
           -0.0310107277675, 0.99887569658, -0.0358563459669,
           0.0134447959309, 0.0362872187753, 0.999250957075
        }
    );
    _data[2415310.5] = RotMatrix3x3(
        array<PrecType, 9> {
           0.999428621827, 0.030505446327, -0.0145549859774,
           -0.0310107562438, 0.998875696124, -0.0358563340348,
           0.0134448082768, 0.0362872076304, 0.999250957314
        }
    );
    _data[2415320.5] = RotMatrix3x3(
        array<PrecType, 9> {
           0.999428620778, 0.0305054745071, -0.014554998991,
           -0.0310107847201, 0.998875695668, -0.0358563221026,
           0.0134448206228, 0.0362871964855, 0.999250957553
        }
    );
    _data[2415330.5] = RotMatrix3x3(
        array<PrecType, 9> {
           0.999428619728, 0.0305055026872, -0.0145550120047,
           -0.0310108131963, 0.998875695212, -0.0358563101705,
           0.0134448329688, 0.0362871853405, 0.999250957791
        }
    );
    _data[2415340.5] = RotMatrix3x3(
        array<PrecType, 9> {
           0.999428618678, 0.0305055308673, -0.0145550250184,
           -0.0310108416726, 0.998875694757, -0.0358562982383,
           0.0134448453148, 0.0362871741956, 0.99925095803
        }
    );
    _data[2415350.5] = RotMatrix3x3(
        array<PrecType, 9> {
           0.999428617629, 0.0305055590474, -0.0145550380321,
           -0.0310108701489, 0.998875694301, -0.0358562863062,
           0.0134448576607, 0.0362871630507, 0.999250958268
        }
    );
    _data[2415360.5] = RotMatrix3x3(
        array<PrecType, 9> {
           0.999428616579, 0.0305055872274, -0.0145550510457,
           -0.0310108986251, 0.998875693845, -0.035856274374,
           0.0134448700067, 0.0362871519058, 0.999250958507
        }
    );
    _data[2415370.5] = RotMatrix3x3(
        array<PrecType, 9> {
           0.999428615529, 0.0305056154075, -0.0145550640594,
           -0.0310109271014, 0.998875693389, -0.0358562624419,
           0.0134448823527, 0.0362871407608, 0.999250958746
        }
    );
    _data[2415380.5] = RotMatrix3x3(
        array<PrecType, 9> {
           0.99942861448, 0.0305056435876, -0.0145550770731,
           -0.0310109555777, 0.998875692934, -0.0358562505097,
           0.0134448946986, 0.0362871296159, 0.999250958984
        }
    );
    _data[2415390.5] = RotMatrix3x3(
        array<PrecType, 9> {
           0.99942861343, 0.0305056717677, -0.0145550900868,
           -0.0310109840539, 0.998875692478, -0.0358562385776,
           0.0134449070446, 0.036287118471, 0.999250959223
        }
    );
    _data[2415400.5] = RotMatrix3x3(
        array<PrecType, 9> {
           0.99942861238, 0.0305056999478, -0.0145551031004,
           -0.0310110125302, 0.998875692022, -0.0358562266454,
           0.0134449193906, 0.0362871073261, 0.999250959461
        }
    );
    _data[2415410.5] = RotMatrix3x3(
        array<PrecType, 9> {
           0.999428611331, 0.0305057281279, -0.0145551161141,
           -0.0310110410065, 0.998875691566, -0.0358562147133,
           0.0134449317365, 0.0362870961811, 0.9992509597
        }
    );
    _data[2415420.5] = RotMatrix3x3(
        array<PrecType, 9> {
           0.999428610281, 0.0305057563079, -0.0145551291278,
           -0.0310110694827, 0.998875691111, -0.0358562027811,
           0.0134449440825, 0.0362870850362, 0.999250959939
        }
    );
    _data[2415430.5] = RotMatrix3x3(
        array<PrecType, 9> {
           0.999428609231, 0.030505784488, -0.0145551421414,
           -0.031011097959, 0.998875690655, -0.035856190849,
           0.0134449564285, 0.0362870738913, 0.999250960177
        }
    );
    _data[2415440.5] = RotMatrix3x3(
        array<PrecType, 9> {
           0.999428608182, 0.0305058126681, -0.0145551551551,
           -0.0310111264353, 0.998875690199, -0.0358561789168,
           0.0134449687745, 0.0362870627463, 0.999250960416
        }
    );
    _data[2415450.5] = RotMatrix3x3(
        array<PrecType, 9> {
           0.999428607132, 0.0305058408482, -0.0145551681688,
           -0.0310111549115, 0.998875689743, -0.0358561669847,
           0.0134449811205, 0.0362870516014, 0.999250960654
        }
    );
    _data[2415460.5] = RotMatrix3x3(
        array<PrecType, 9> {
           0.999428606082, 0.0305058690283, -0.0145551811824,
           -0.0310111833878, 0.998875689288, -0.0358561550525,
           0.0134449934664, 0.0362870404565, 0.999250960893
        }
    );
    _data[2415470.5] = RotMatrix3x3(
        array<PrecType, 9> {
           0.999428605033, 0.0305058972084, -0.0145551941961,
           -0.0310112118641, 0.998875688832, -0.0358561431203,
           0.0134450058124, 0.0362870293116, 0.999250961132
        }
    );
    _data[2415480.5] = RotMatrix3x3(
        array<PrecType, 9> {
           0.999428603983, 0.0305059253884, -0.0145552072098,
           -0.0310112403403, 0.998875688376, -0.0358561311882,
           0.0134450181584, 0.0362870181666, 0.99925096137
        }
    );
    _data[2415490.5] = RotMatrix3x3(
        array<PrecType, 9> {
           0.999428602933, 0.0305059535685, -0.0145552202234,
           -0.0310112688166, 0.99887568792, -0.035856119256,
           0.0134450305043, 0.0362870070217, 0.999250961609
        }
    );
    _data[2415500.5] = RotMatrix3x3(
        array<PrecType, 9> {
           0.999428601884, 0.0305059817486, -0.0145552332371,
           -0.0310112972929, 0.998875687465, -0.0358561073239,
           0.0134450428503, 0.0362869958768, 0.999250961847
        }
    );
    _data[2415510.5] = RotMatrix3x3(
        array<PrecType, 9> {
           0.999428600834, 0.0305060099287, -0.0145552462508,
           -0.0310113257691, 0.998875687009, -0.0358560953917,
           0.0134450551963, 0.0362869847319, 0.999250962086
        }
    );
    _data[2415520.5] = RotMatrix3x3(
        array<PrecType, 9> {
           0.999428599784, 0.0305060381088, -0.0145552592644,
           -0.0310113542454, 0.998875686553, -0.0358560834596,
           0.0134450675423, 0.0362869735869, 0.999250962325
        }
    );
    _data[2415530.5] = RotMatrix3x3(
        array<PrecType, 9> {
           0.999428598735, 0.0305060662889, -0.0145552722781,
           -0.0310113827217, 0.998875686097, -0.0358560715274,
           0.0134450798882, 0.036286962442, 0.999250962563
        }
    );
    _data[2415540.5] = RotMatrix3x3(
        array<PrecType, 9> {
           0.999428597685, 0.030506094469, -0.0145552852917,
           -0.0310114111979, 0.998875685642, -0.0358560595953,
           0.0134450922342, 0.0362869512971, 0.999250962802
        }
    );
    _data[2415550.5] = RotMatrix3x3(
        array<PrecType, 9> {
           0.999428596635, 0.030506122649, -0.0145552983054,
           -0.0310114396742, 0.998875685186, -0.0358560476631,
           0.0134451045802, 0.0362869401522, 0.99925096304
        }
    );
    _data[2415560.5] = RotMatrix3x3(
        array<PrecType, 9> {
           0.999428595585, 0.0305061508291, -0.0145553113191,
           -0.0310114681505, 0.99887568473, -0.035856035731,
           0.0134451169261, 0.0362869290072, 0.999250963279
        }
    );
    _data[2415570.5] = RotMatrix3x3(
        array<PrecType, 9> {
           0.999428594536, 0.0305061790092, -0.0145553243327,
           -0.0310114966267, 0.998875684274, -0.0358560237988,
           0.0134451292721, 0.0362869178623, 0.999250963518
        }
    );
    _data[2415580.5] = RotMatrix3x3(
        array<PrecType, 9> {
           0.999428593486, 0.0305062071893, -0.0145553373464,
           -0.031011525103, 0.998875683818, -0.0358560118666,
           0.0134451416181, 0.0362869067174, 0.999250963756
        }
    );
    _data[2415590.5] = RotMatrix3x3(
        array<PrecType, 9> {
           0.999428592436, 0.0305062353694, -0.01455535036,
           -0.0310115535793, 0.998875683363, -0.0358559999345,
           0.0134451539641, 0.0362868955725, 0.999250963995
        }
    );
    _data[2415600.5] = RotMatrix3x3(
        array<PrecType, 9> {
           0.999428591387, 0.0305062635495, -0.0145553633737,
           -0.0310115820555, 0.998875682907, -0.0358559880023,
           0.01344516631, 0.0362868844276, 0.999250964233
        }
    );
    _data[2415610.5] = RotMatrix3x3(
        array<PrecType, 9> {
           0.999428590337, 0.0305062917296, -0.0145553763874,
           -0.0310116105318, 0.998875682451, -0.0358559760702,
           0.013445178656, 0.0362868732826, 0.999250964472
        }
    );
    _data[2415620.5] = RotMatrix3x3(
        array<PrecType, 9> {
           0.999428589287, 0.0305063199097, -0.014555389401,
           -0.031011639008, 0.998875681995, -0.035855964138,
           0.013445191002, 0.0362868621377, 0.999250964711
        }
    );
    _data[2415630.5] = RotMatrix3x3(
        array<PrecType, 9> {
           0.999428588238, 0.0305063480897, -0.0145554024147,
           -0.0310116674843, 0.99887568154, -0.0358559522058,
           0.0134452033479, 0.0362868509928, 0.999250964949
        }
    );
    _data[2415640.5] = RotMatrix3x3(
        array<PrecType, 9> {
           0.999428587188, 0.0305063762698, -0.0145554154283,
           -0.0310116959606, 0.998875681084, -0.0358559402737,
           0.0134452156939, 0.0362868398479, 0.999250965188
        }
    );
    _data[2415650.5] = RotMatrix3x3(
        array<PrecType, 9> {
           0.999428586138, 0.0305064044499, -0.014555428442,
           -0.0310117244368, 0.998875680628, -0.0358559283415,
           0.0134452280399, 0.036286828703, 0.999250965426
        }
    );
    _data[2415660.5] = RotMatrix3x3(
        array<PrecType, 9> {
           0.999428585089, 0.03050643263, -0.0145554414556,
           -0.0310117529131, 0.998875680172, -0.0358559164094,
           0.0134452403859, 0.036286817558, 0.999250965665
        }
    );
    _data[2415670.5] = RotMatrix3x3(
        array<PrecType, 9> {
           0.999428584039, 0.0305064608101, -0.0145554544693,
           -0.0310117813894, 0.998875679717, -0.0358559044772,
           0.0134452527318, 0.0362868064131, 0.999250965904
        }
    );
    _data[2415680.5] = RotMatrix3x3(
        array<PrecType, 9> {
           0.999428582989, 0.0305064889902, -0.0145554674829,
           -0.0310118098656, 0.998875679261, -0.0358558925451,
           0.0134452650778, 0.0362867952682, 0.999250966142
        }
    );
    _data[2415690.5] = RotMatrix3x3(
        array<PrecType, 9> {
           0.99942858194, 0.0305065171703, -0.0145554804966,
           -0.0310118383419, 0.998875678805, -0.0358558806129,
           0.0134452774238, 0.0362867841233, 0.999250966381
        }
    );
    _data[2415700.5] = RotMatrix3x3(
        array<PrecType, 9> {
           0.99942858089, 0.0305065453504, -0.0145554935102,
           -0.0310118668182, 0.998875678349, -0.0358558686807,
           0.0134452897698, 0.0362867729784, 0.999250966619
        }
    );
    _data[2415710.5] = RotMatrix3x3(
        array<PrecType, 9> {
           0.99942857984, 0.0305065735305, -0.0145555065239,
           -0.0310118952944, 0.998875677893, -0.0358558567486,
           0.0134453021157, 0.0362867618334, 0.999250966858
        }
    );
    _data[2415720.5] = RotMatrix3x3(
        array<PrecType, 9> {
           0.99942857879, 0.0305066017105, -0.0145555195375,
           -0.0310119237707, 0.998875677438, -0.0358558448164,
           0.0134453144617, 0.0362867506885, 0.999250967097
        }
    );
    _data[2415730.5] = RotMatrix3x3(
        array<PrecType, 9> {
           0.999428577741, 0.0305066298906, -0.0145555325512,
           -0.031011952247, 0.998875676982, -0.0358558328842,
           0.0134453268077, 0.0362867395436, 0.999250967335
        }
    );
    _data[2415740.5] = RotMatrix3x3(
        array<PrecType, 9> {
           0.999428576691, 0.0305066580707, -0.0145555455648,
           -0.0310119807232, 0.998875676526, -0.0358558209521,
           0.0134453391536, 0.0362867283987, 0.999250967574
        }
    );
    _data[2415750.5] = RotMatrix3x3(
        array<PrecType, 9> {
           0.999428575641, 0.0305066862508, -0.0145555585785,
           -0.0310120091995, 0.99887567607, -0.0358558090199,
           0.0134453514996, 0.0362867172538, 0.999250967812
        }
    );
    _data[2415760.5] = RotMatrix3x3(
        array<PrecType, 9> {
           0.999428574592, 0.0305067144309, -0.0145555715921,
           -0.0310120376758, 0.998875675615, -0.0358557970878,
           0.0134453638456, 0.0362867061089, 0.999250968051
        }
    );
    _data[2415770.5] = RotMatrix3x3(
        array<PrecType, 9> {
           0.999428573542, 0.030506742611, -0.0145555846058,
           -0.031012066152, 0.998875675159, -0.0358557851556,
           0.0134453761916, 0.0362866949639, 0.99925096829
        }
    );
    _data[2415780.5] = RotMatrix3x3(
        array<PrecType, 9> {
           0.999428572492, 0.0305067707911, -0.0145555976194,
           -0.0310120946283, 0.998875674703, -0.0358557732234,
           0.0134453885375, 0.036286683819, 0.999250968528
        }
    );
    _data[2415790.5] = RotMatrix3x3(
        array<PrecType, 9> {
           0.999428571443, 0.0305067989712, -0.0145556106331,
           -0.0310121231046, 0.998875674247, -0.0358557612913,
           0.0134454008835, 0.0362866726741, 0.999250968767
        }
    );
    _data[2415800.5] = RotMatrix3x3(
        array<PrecType, 9> {
           0.999428570393, 0.0305068271513, -0.0145556236467,
           -0.0310121515808, 0.998875673791, -0.0358557493591,
           0.0134454132295, 0.0362866615292, 0.999250969005
        }
    );
    _data[2415810.5] = RotMatrix3x3(
        array<PrecType, 9> {
           0.999428569343, 0.0305068553314, -0.0145556366603,
           -0.0310121800571, 0.998875673336, -0.0358557374269,
           0.0134454255754, 0.0362866503843, 0.999250969244
        }
    );
    _data[2415820.5] = RotMatrix3x3(
        array<PrecType, 9> {
           0.999428568293, 0.0305068835115, -0.014555649674,
           -0.0310122085333, 0.99887567288, -0.0358557254948,
           0.0134454379214, 0.0362866392394, 0.999250969483
        }
    );
    _data[2415830.5] = RotMatrix3x3(
        array<PrecType, 9> {
           0.999428567244, 0.0305069116916, -0.0145556626876,
           -0.0310122370096, 0.998875672424, -0.0358557135626,
           0.0134454502674, 0.0362866280945, 0.999250969721
        }
    );
    _data[2415840.5] = RotMatrix3x3(
        array<PrecType, 9> {
           0.999428566194, 0.0305069398717, -0.0145556757013,
           -0.0310122654859, 0.998875671968, -0.0358557016304,
           0.0134454626134, 0.0362866169496, 0.99925096996
        }
    );
    _data[2415850.5] = RotMatrix3x3(
        array<PrecType, 9> {
           0.999428565144, 0.0305069680518, -0.0145556887149,
           -0.0310122939621, 0.998875671512, -0.0358556896983,
           0.0134454749593, 0.0362866058046, 0.999250970198
        }
    );
    _data[2415860.5] = RotMatrix3x3(
        array<PrecType, 9> {
           0.999428564095, 0.0305069962319, -0.0145557017285,
           -0.0310123224384, 0.998875671057, -0.0358556777661,
           0.0134454873053, 0.0362865946597, 0.999250970437
        }
    );
    _data[2415870.5] = RotMatrix3x3(
        array<PrecType, 9> {
           0.999428563045, 0.0305070244119, -0.0145557147422,
           -0.0310123509147, 0.998875670601, -0.0358556658339,
           0.0134454996513, 0.0362865835148, 0.999250970676
        }
    );
    _data[2415880.5] = RotMatrix3x3(
        array<PrecType, 9> {
           0.999428561995, 0.030507052592, -0.0145557277558,
           -0.0310123793909, 0.998875670145, -0.0358556539018,
           0.0134455119972, 0.0362865723699, 0.999250970914
        }
    );
    _data[2415890.5] = RotMatrix3x3(
        array<PrecType, 9> {
           0.999428560945, 0.0305070807721, -0.0145557407695,
           -0.0310124078672, 0.998875669689, -0.0358556419696,
           0.0134455243432, 0.036286561225, 0.999250971153
        }
    );
    _data[2415900.5] = RotMatrix3x3(
        array<PrecType, 9> {
           0.999428559896, 0.0305071089522, -0.0145557537831,
           -0.0310124363435, 0.998875669233, -0.0358556300374,
           0.0134455366892, 0.0362865500801, 0.999250971391
        }
    );
    _data[2415910.5] = RotMatrix3x3(
        array<PrecType, 9> {
           0.999428558846, 0.0305071371323, -0.0145557667967,
           -0.0310124648197, 0.998875668778, -0.0358556181053,
           0.0134455490352, 0.0362865389352, 0.99925097163
        }
    );
    _data[2415920.5] = RotMatrix3x3(
        array<PrecType, 9> {
           0.999428557796, 0.0305071653124, -0.0145557798104,
           -0.031012493296, 0.998875668322, -0.0358556061731,
           0.0134455613811, 0.0362865277903, 0.999250971868
        }
    );
    _data[2415930.5] = RotMatrix3x3(
        array<PrecType, 9> {
           0.999428556747, 0.0305071934925, -0.014555792824,
           -0.0310125217723, 0.998875667866, -0.0358555942409,
           0.0134455737271, 0.0362865166454, 0.999250972107
        }
    );
    _data[2415940.5] = RotMatrix3x3(
        array<PrecType, 9> {
           0.999428555697, 0.0305072216726, -0.0145558058376,
           -0.0310125502485, 0.99887566741, -0.0358555823087,
           0.0134455860731, 0.0362865055004, 0.999250972346
        }
    );
    _data[2415950.5] = RotMatrix3x3(
        array<PrecType, 9> {
           0.999428554647, 0.0305072498527, -0.0145558188513,
           -0.0310125787248, 0.998875666955, -0.0358555703766,
           0.013445598419, 0.0362864943555, 0.999250972584
        }
    );
    _data[2415960.5] = RotMatrix3x3(
        array<PrecType, 9> {
           0.999428553597, 0.0305072780328, -0.0145558318649,
           -0.0310126072011, 0.998875666499, -0.0358555584444,
           0.013445610765, 0.0362864832106, 0.999250972823
        }
    );
    _data[2415970.5] = RotMatrix3x3(
        array<PrecType, 9> {
           0.999428552548, 0.0305073062129, -0.0145558448785,
           -0.0310126356773, 0.998875666043, -0.0358555465122,
           0.013445623111, 0.0362864720657, 0.999250973061
        }
    );
    _data[2415980.5] = RotMatrix3x3(
        array<PrecType, 9> {
           0.999428551498, 0.030507334393, -0.0145558578922,
           -0.0310126641536, 0.998875665587, -0.0358555345801,
           0.013445635457, 0.0362864609208, 0.9992509733
        }
    );
    _data[2415990.5] = RotMatrix3x3(
        array<PrecType, 9> {
           0.999428550448, 0.0305073625731, -0.0145558709058,
           -0.0310126926298, 0.998875665131, -0.0358555226479,
           0.0134456478029, 0.0362864497759, 0.999250973539
        }
    );
    _data[2416000.5] = RotMatrix3x3(
        array<PrecType, 9> {
           0.999428549398, 0.0305073907532, -0.0145558839194,
           -0.0310127211061, 0.998875664675, -0.0358555107157,
           0.0134456601489, 0.036286438631, 0.999250973777
        }
    );
    _data[2416010.5] = RotMatrix3x3(
        array<PrecType, 9> {
           0.999428548349, 0.0305074189333, -0.0145558969331,
           -0.0310127495824, 0.99887566422, -0.0358554987835,
           0.0134456724949, 0.0362864274861, 0.999250974016
        }
    );
    _data[2416020.5] = RotMatrix3x3(
        array<PrecType, 9> {
           0.999428547299, 0.0305074471134, -0.0145559099467,
           -0.0310127780586, 0.998875663764, -0.0358554868514,
           0.0134456848408, 0.0362864163412, 0.999250974254
        }
    );
    _data[2416030.5] = RotMatrix3x3(
        array<PrecType, 9> {
           0.999428546249, 0.0305074752935, -0.0145559229603,
           -0.0310128065349, 0.998875663308, -0.0358554749192,
           0.0134456971868, 0.0362864051963, 0.999250974493
        }
    );
    _data[2416040.5] = RotMatrix3x3(
        array<PrecType, 9> {
           0.9994285452, 0.0305075034736, -0.0145559359739,
           -0.0310128350112, 0.998875662852, -0.035855462987,
           0.0134457095328, 0.0362863940514, 0.999250974732
        }
    );
    _data[2416050.5] = RotMatrix3x3(
        array<PrecType, 9> {
           0.99942854415, 0.0305075316537, -0.0145559489876,
           -0.0310128634874, 0.998875662396, -0.0358554510548,
           0.0134457218788, 0.0362863829065, 0.99925097497
        }
    );
    _data[2416060.5] = RotMatrix3x3(
        array<PrecType, 9> {
           0.9994285431, 0.0305075598338, -0.0145559620012,
           -0.0310128919637, 0.998875661941, -0.0358554391227,
           0.0134457342247, 0.0362863717616, 0.999250975209
        }
    );
    _data[2416070.5] = RotMatrix3x3(
        array<PrecType, 9> {
           0.99942854205, 0.0305075880139, -0.0145559750148,
           -0.03101292044, 0.998875661485, -0.0358554271905,
           0.0134457465707, 0.0362863606167, 0.999250975447
        }
    );
    _data[2416080.5] = RotMatrix3x3(
        array<PrecType, 9> {
           0.999428541001, 0.030507616194, -0.0145559880285,
           -0.0310129489162, 0.998875661029, -0.0358554152583,
           0.0134457589167, 0.0362863494717, 0.999250975686
        }
    );
    _data[2416090.5] = RotMatrix3x3(
        array<PrecType, 9> {
           0.999428539951, 0.0305076443741, -0.0145560010421,
           -0.0310129773925, 0.998875660573, -0.0358554033261,
           0.0134457712626, 0.0362863383268, 0.999250975924
        }
    );
    _data[2416100.5] = RotMatrix3x3(
        array<PrecType, 9> {
           0.999428538901, 0.0305076725542, -0.0145560140557,
           -0.0310130058687, 0.998875660117, -0.035855391394,
           0.0134457836086, 0.0362863271819, 0.999250976163
        }
    );
    _data[2416110.5] = RotMatrix3x3(
        array<PrecType, 9> {
           0.999428537851, 0.0305077007343, -0.0145560270693,
           -0.031013034345, 0.998875659662, -0.0358553794618,
           0.0134457959546, 0.036286316037, 0.999250976402
        }
    );
    _data[2416120.5] = RotMatrix3x3(
        array<PrecType, 9> {
           0.999428536802, 0.0305077289144, -0.0145560400829,
           -0.0310130628213, 0.998875659206, -0.0358553675296,
           0.0134458083006, 0.0362863048921, 0.99925097664
        }
    );
    _data[2416130.5] = RotMatrix3x3(
        array<PrecType, 9> {
           0.999428535752, 0.0305077570945, -0.0145560530966,
           -0.0310130912975, 0.99887565875, -0.0358553555974,
           0.0134458206465, 0.0362862937472, 0.999250976879
        }
    );
    _data[2416140.5] = RotMatrix3x3(
        array<PrecType, 9> {
           0.999428534702, 0.0305077852746, -0.0145560661102,
           -0.0310131197738, 0.998875658294, -0.0358553436653,
           0.0134458329925, 0.0362862826023, 0.999250977117
        }
    );
    _data[2416150.5] = RotMatrix3x3(
        array<PrecType, 9> {
           0.999428533652, 0.0305078134547, -0.0145560791238,
           -0.0310131482501, 0.998875657838, -0.0358553317331,
           0.0134458453385, 0.0362862714574, 0.999250977356
        }
    );
    _data[2416160.5] = RotMatrix3x3(
        array<PrecType, 9> {
           0.999428532603, 0.0305078416348, -0.0145560921374,
           -0.0310131767263, 0.998875657382, -0.0358553198009,
           0.0134458576844, 0.0362862603125, 0.999250977595
        }
    );
    _data[2416170.5] = RotMatrix3x3(
        array<PrecType, 9> {
           0.999428531553, 0.0305078698149, -0.0145561051511,
           -0.0310132052026, 0.998875656927, -0.0358553078687,
           0.0134458700304, 0.0362862491676, 0.999250977833
        }
    );
    _data[2416180.5] = RotMatrix3x3(
        array<PrecType, 9> {
           0.999428530503, 0.030507897995, -0.0145561181647,
           -0.0310132336789, 0.998875656471, -0.0358552959365,
           0.0134458823764, 0.0362862380227, 0.999250978072
        }
    );
    _data[2416190.5] = RotMatrix3x3(
        array<PrecType, 9> {
           0.999428529454, 0.0305079261751, -0.0145561311783,
           -0.0310132621551, 0.998875656015, -0.0358552840044,
           0.0134458947224, 0.0362862268778, 0.99925097831
        }
    );
    _data[2416200.5] = RotMatrix3x3(
        array<PrecType, 9> {
           0.999428528404, 0.0305079543552, -0.0145561441919,
           -0.0310132906314, 0.998875655559, -0.0358552720722,
           0.0134459070683, 0.0362862157329, 0.999250978549
        }
    );
    _data[2416210.5] = RotMatrix3x3(
        array<PrecType, 9> {
           0.999428527354, 0.0305079825353, -0.0145561572055,
           -0.0310133191076, 0.998875655103, -0.03585526014,
           0.0134459194143, 0.036286204588, 0.999250978787
        }
    );
    _data[2416220.5] = RotMatrix3x3(
        array<PrecType, 9> {
           0.999428526304, 0.0305080107154, -0.0145561702191,
           -0.0310133475839, 0.998875654648, -0.0358552482078,
           0.0134459317603, 0.0362861934431, 0.999250979026
        }
    );
    _data[2416230.5] = RotMatrix3x3(
        array<PrecType, 9> {
           0.999428525255, 0.0305080388956, -0.0145561832328,
           -0.0310133760602, 0.998875654192, -0.0358552362756,
           0.0134459441062, 0.0362861822982, 0.999250979265
        }
    );
    _data[2416240.5] = RotMatrix3x3(
        array<PrecType, 9> {
           0.999428524205, 0.0305080670757, -0.0145561962464,
           -0.0310134045364, 0.998875653736, -0.0358552243435,
           0.0134459564522, 0.0362861711533, 0.999250979503
        }
    );
    _data[2416250.5] = RotMatrix3x3(
        array<PrecType, 9> {
           0.999428523155, 0.0305080952558, -0.01455620926,
           -0.0310134330127, 0.99887565328, -0.0358552124113,
           0.0134459687982, 0.0362861600084, 0.999250979742
        }
    );
    _data[2416260.5] = RotMatrix3x3(
        array<PrecType, 9> {
           0.999428522105, 0.0305081234359, -0.0145562222736,
           -0.031013461489, 0.998875652824, -0.0358552004791,
           0.0134459811442, 0.0362861488635, 0.99925097998
        }
    );
    _data[2416270.5] = RotMatrix3x3(
        array<PrecType, 9> {
           0.999428521056, 0.030508151616, -0.0145562352872,
           -0.0310134899652, 0.998875652368, -0.0358551885469,
           0.0134459934901, 0.0362861377186, 0.999250980219
        }
    );
    _data[2416280.5] = RotMatrix3x3(
        array<PrecType, 9> {
           0.999428520006, 0.0305081797961, -0.0145562483008,
           -0.0310135184415, 0.998875651913, -0.0358551766147,
           0.0134460058361, 0.0362861265737, 0.999250980458
        }
    );
    _data[2416290.5] = RotMatrix3x3(
        array<PrecType, 9> {
           0.999428518956, 0.0305082079762, -0.0145562613144,
           -0.0310135469178, 0.998875651457, -0.0358551646826,
           0.0134460181821, 0.0362861154288, 0.999250980696
        }
    );
    _data[2416300.5] = RotMatrix3x3(
        array<PrecType, 9> {
           0.999428517906, 0.0305082361563, -0.014556274328,
           -0.031013575394, 0.998875651001, -0.0358551527504,
           0.013446030528, 0.0362861042839, 0.999250980935
        }
    );
    _data[2416310.5] = RotMatrix3x3(
        array<PrecType, 9> {
           0.999428516857, 0.0305082643364, -0.0145562873417,
           -0.0310136038703, 0.998875650545, -0.0358551408182,
           0.013446042874, 0.036286093139, 0.999250981173
        }
    );
    _data[2416320.5] = RotMatrix3x3(
        array<PrecType, 9> {
           0.999428515807, 0.0305082925165, -0.0145563003553,
           -0.0310136323465, 0.998875650089, -0.035855128886,
           0.01344605522, 0.0362860819941, 0.999250981412
        }
    );
    _data[2416330.5] = RotMatrix3x3(
        array<PrecType, 9> {
           0.999428514757, 0.0305083206966, -0.0145563133689,
           -0.0310136608228, 0.998875649633, -0.0358551169538,
           0.013446067566, 0.0362860708492, 0.99925098165
        }
    );
    _data[2416340.5] = RotMatrix3x3(
        array<PrecType, 9> {
           0.999428513707, 0.0305083488767, -0.0145563263825,
           -0.0310136892991, 0.998875649178, -0.0358551050216,
           0.0134460799119, 0.0362860597044, 0.999250981889
        }
    );
    _data[2416350.5] = RotMatrix3x3(
        array<PrecType, 9> {
           0.999428512657, 0.0305083770568, -0.0145563393961,
           -0.0310137177753, 0.998875648722, -0.0358550930895,
           0.0134460922579, 0.0362860485595, 0.999250982128
        }
    );
    _data[2416360.5] = RotMatrix3x3(
        array<PrecType, 9> {
           0.999428511608, 0.0305084052369, -0.0145563524097,
           -0.0310137462516, 0.998875648266, -0.0358550811573,
           0.0134461046039, 0.0362860374146, 0.999250982366
        }
    );
    _data[2416370.5] = RotMatrix3x3(
        array<PrecType, 9> {
           0.999428510558, 0.0305084334171, -0.0145563654233,
           -0.0310137747279, 0.99887564781, -0.0358550692251,
           0.0134461169498, 0.0362860262697, 0.999250982605
        }
    );
    _data[2416380.5] = RotMatrix3x3(
        array<PrecType, 9> {
           0.999428509508, 0.0305084615972, -0.0145563784369,
           -0.0310138032041, 0.998875647354, -0.0358550572929,
           0.0134461292958, 0.0362860151248, 0.999250982843
        }
    );
    _data[2416390.5] = RotMatrix3x3(
        array<PrecType, 9> {
           0.999428508458, 0.0305084897773, -0.0145563914505,
           -0.0310138316804, 0.998875646898, -0.0358550453607,
           0.0134461416418, 0.0362860039799, 0.999250983082
        }
    );
    _data[2416400.5] = RotMatrix3x3(
        array<PrecType, 9> {
           0.999428507409, 0.0305085179574, -0.0145564044641,
           -0.0310138601566, 0.998875646443, -0.0358550334285,
           0.0134461539878, 0.036285992835, 0.99925098332
        }
    );
    _data[2416410.5] = RotMatrix3x3(
        array<PrecType, 9> {
           0.999428506359, 0.0305085461375, -0.0145564174777,
           -0.0310138886329, 0.998875645987, -0.0358550214963,
           0.0134461663337, 0.0362859816901, 0.999250983559
        }
    );
    _data[2416420.5] = RotMatrix3x3(
        array<PrecType, 9> {
           0.999428505309, 0.0305085743176, -0.0145564304913,
           -0.0310139171092, 0.998875645531, -0.0358550095641,
           0.0134461786797, 0.0362859705452, 0.999250983798
        }
    );
    _data[2416430.5] = RotMatrix3x3(
        array<PrecType, 9> {
           0.999428504259, 0.0305086024977, -0.0145564435049,
           -0.0310139455854, 0.998875645075, -0.035854997632,
           0.0134461910257, 0.0362859594003, 0.999250984036
