//# MarsFrameRotMatrix.cc
//# Copyright (C) 2016 David Mehringer
//# 
//#     This program is free software: you can redistribute it and/or modify
//#     it under the terms of the GNU General Public License as published by
//#     the Free Software Foundation, either version 3 of the License, or
//#     (at your option) any later version.
//# 
//#     This program is distributed in the hope that it will be useful,
//#     but WITHOUT ANY WARRANTY; without even the implied warranty of
//#     MERCHANTABILITY or FITNESS FOR A PARTICULAR PURPOSE.  See the
//#     GNU General Public License for more details.
//# 
//#     You should have received a copy of the GNU General Public License
//#     along with this program.  If not, see <http://www.gnu.org/licenses/>.
//# 
#include "MarsFrameRotMatrix.h"

using namespace std;

namespace kepler {

map<PrecType, RotMatrix3x3> MarsFrameRotMatrix::_data;

MarsFrameRotMatrix::MarsFrameRotMatrix(): _currentEcToEq(), _currentEqToEc()  {
    if (_data.empty()) {
        _initData();
    }
    _currentEcToEq = *_data.begin();
    _currentEqToEc.first = _currentEcToEq.first;
    _currentEqToEc.second = _currentEcToEq.second.transpose();
}

MarsFrameRotMatrix::~MarsFrameRotMatrix() {}

const RotMatrix3x3& MarsFrameRotMatrix::ecToEq(
    PrecType t, TimeUnit unit
) const {
    if (unit == SECOND) {
        t /= SECOND_PER_DAY;
    }
    if (abs(_currentEcToEq.first - t) > 5) {
        _currentEcToEq = *_data.lower_bound(t - 5);
    }
     return _currentEcToEq.second;
}

const RotMatrix3x3& MarsFrameRotMatrix::eqToEc(
    PrecType t, TimeUnit unit
) const {
    if (unit == SECOND) {
        t /= SECOND_PER_DAY;
    }
    if (abs(_currentEqToEc.first - t) > 5) {
        //_currentEqToEc.first = t;
        //_currentEqToEc.second = _data.lower_bound(t - 5)->second.transpose();
        auto iter = _data.lower_bound(t - 5);
        _currentEqToEc.first = iter->first;
        _currentEqToEc.second = iter->second.transpose();
    }
    return _currentEqToEc.second;
}

void MarsFrameRotMatrix::_initData() {
    _data[2415023.5] = RotMatrix3x3(
        array<PrecType, 9> {
           0.671881935448, -0.591106488301, 0.446282180136,
           0.679540671831, 0.731649592619, -0.0539754476368,
           -0.294616937983, 0.339532020741, 0.893263044542
        }
    );
    _data[2415033.5] = RotMatrix3x3(
        array<PrecType, 9> {
           0.671882310957, -0.591106086571, 0.446282146901,
           0.6795403593, 0.73164985187, -0.053975868144,
           -0.294616802484, 0.339532161479, 0.893263035738
        }
    );
    _data[2415043.5] = RotMatrix3x3(
        array<PrecType, 9> {
           0.671882686466, -0.59110568484, 0.446282113665,
           0.679540046769, 0.731650111119, -0.0539762886513,
           -0.294616666985, 0.339532302216, 0.893263026933
        }
    );
    _data[2415053.5] = RotMatrix3x3(
        array<PrecType, 9> {
           0.671883061974, -0.59110528311, 0.446282080429,
           0.679539734237, 0.731650370369, -0.0539767091586,
           -0.294616531486, 0.339532442954, 0.893263018129
        }
    );
    _data[2415063.5] = RotMatrix3x3(
        array<PrecType, 9> {
           0.671883437483, -0.591104881379, 0.446282047192,
           0.679539421706, 0.731650629618, -0.053977129666,
           -0.294616395987, 0.339532583692, 0.893263009324
        }
    );
    _data[2415073.5] = RotMatrix3x3(
        array<PrecType, 9> {
           0.671883812991, -0.591104479649, 0.446282013955,
           0.679539109174, 0.731650888867, -0.0539775501735,
           -0.294616260488, 0.33953272443, 0.89326300052
        }
    );
    _data[2415083.5] = RotMatrix3x3(
        array<PrecType, 9> {
           0.671884188499, -0.591104077918, 0.446281980718,
           0.679538796642, 0.731651148116, -0.053977970681,
           -0.294616124989, 0.339532865168, 0.893262991715
        }
    );
    _data[2415093.5] = RotMatrix3x3(
        array<PrecType, 9> {
           0.671884564007, -0.591103676187, 0.446281947481,
           0.67953848411, 0.731651407364, -0.0539783911886,
           -0.29461598949, 0.339533005906, 0.89326298291
        }
    );
    _data[2415103.5] = RotMatrix3x3(
        array<PrecType, 9> {
           0.671884939515, -0.591103274456, 0.446281914243,
           0.679538171578, 0.731651666613, -0.0539788116962,
           -0.29461585399, 0.339533146645, 0.893262974105
        }
    );
    _data[2415113.5] = RotMatrix3x3(
        array<PrecType, 9> {
           0.671885315022, -0.591102872725, 0.446281881005,
           0.679537859045, 0.73165192586, -0.0539792322039,
           -0.294615718491, 0.339533287383, 0.8932629653
        }
    );
    _data[2415123.5] = RotMatrix3x3(
        array<PrecType, 9> {
           0.67188569053, -0.591102470994, 0.446281847767,
           0.679537546512, 0.731652185108, -0.0539796527117,
           -0.294615582991, 0.339533428121, 0.893262956495
        }
    );
    _data[2415133.5] = RotMatrix3x3(
        array<PrecType, 9> {
           0.671886066037, -0.591102069263, 0.446281814528,
           0.67953723398, 0.731652444355, -0.0539800732195,
           -0.294615447492, 0.33953356886, 0.89326294769
        }
    );
    _data[2415143.5] = RotMatrix3x3(
        array<PrecType, 9> {
           0.671886441544, -0.591101667532, 0.446281781289,
           0.679536921447, 0.731652703602, -0.0539804937274,
           -0.294615311992, 0.339533709598, 0.893262938885
        }
    );
    _data[2415153.5] = RotMatrix3x3(
        array<PrecType, 9> {
           0.671886817051, -0.5911012658, 0.44628174805,
           0.679536608913, 0.731652962848, -0.0539809142353,
           -0.294615176492, 0.339533850337, 0.89326293008
        }
    );
    _data[2415163.5] = RotMatrix3x3(
        array<PrecType, 9> {
           0.671887192558, -0.591100864069, 0.446281714811,
           0.67953629638, 0.731653222095, -0.0539813347433,
           -0.294615040993, 0.339533991076, 0.893262921275
        }
    );
    _data[2415173.5] = RotMatrix3x3(
        array<PrecType, 9> {
           0.671887568064, -0.591100462337, 0.446281681571,
           0.679535983847, 0.73165348134, -0.0539817552513,
           -0.294614905493, 0.339534131815, 0.89326291247
        }
    );
    _data[2415183.5] = RotMatrix3x3(
        array<PrecType, 9> {
           0.67188794357, -0.591100060606, 0.446281648331,
           0.679535671313, 0.731653740586, -0.0539821757595,
           -0.294614769993, 0.339534272553, 0.893262903665
        }
    );
    _data[2415193.5] = RotMatrix3x3(
        array<PrecType, 9> {
           0.671888319077, -0.591099658874, 0.44628161509,
           0.679535358779, 0.731653999831, -0.0539825962676,
           -0.294614634493, 0.339534413292, 0.89326289486
        }
    );
    _data[2415203.5] = RotMatrix3x3(
        array<PrecType, 9> {
           0.671888694583, -0.591099257142, 0.446281581849,
           0.679535046245, 0.731654259076, -0.0539830167759,
           -0.294614498993, 0.339534554031, 0.893262886054
        }
    );
    _data[2415213.5] = RotMatrix3x3(
        array<PrecType, 9> {
           0.671889070089, -0.59109885541, 0.446281548608,
           0.679534733711, 0.731654518321, -0.0539834372842,
           -0.294614363493, 0.33953469477, 0.893262877249
        }
    );
    _data[2415223.5] = RotMatrix3x3(
        array<PrecType, 9> {
           0.671889445594, -0.591098453679, 0.446281515367,
           0.679534421176, 0.731654777565, -0.0539838577925,
           -0.294614227992, 0.33953483551, 0.893262868443
        }
    );
    _data[2415233.5] = RotMatrix3x3(
        array<PrecType, 9> {
           0.6718898211, -0.591098051947, 0.446281482125,
           0.679534108642, 0.731655036809, -0.0539842783009,
           -0.294614092492, 0.339534976249, 0.893262859638
        }
    );
    _data[2415243.5] = RotMatrix3x3(
        array<PrecType, 9> {
           0.671890196605, -0.591097650214, 0.446281448883,
           0.679533796107, 0.731655296053, -0.0539846988094,
           -0.294613956992, 0.339535116988, 0.893262850833
        }
    );
    _data[2415253.5] = RotMatrix3x3(
        array<PrecType, 9> {
           0.67189057211, -0.591097248482, 0.446281415641,
           0.679533483572, 0.731655555297, -0.0539851193179,
           -0.294613821491, 0.339535257728, 0.893262842027
        }
    );
    _data[2415263.5] = RotMatrix3x3(
        array<PrecType, 9> {
           0.671890947615, -0.59109684675, 0.446281382398,
           0.679533171037, 0.73165581454, -0.0539855398265,
           -0.294613685991, 0.339535398467, 0.893262833221
        }
    );
    _data[2415273.5] = RotMatrix3x3(
        array<PrecType, 9> {
           0.67189132312, -0.591096445018, 0.446281349155,
           0.679532858502, 0.731656073783, -0.0539859603352,
           -0.29461355049, 0.339535539207, 0.893262824416
        }
    );
    _data[2415283.5] = RotMatrix3x3(
        array<PrecType, 9> {
           0.671891698625, -0.591096043285, 0.446281315912,
           0.679532545966, 0.731656333025, -0.0539863808439,
           -0.294613414989, 0.339535679946, 0.89326281561
        }
    );
    _data[2415293.5] = RotMatrix3x3(
        array<PrecType, 9> {
           0.671892074129, -0.591095641553, 0.446281282668,
           0.679532233431, 0.731656592267, -0.0539868013527,
           -0.294613279489, 0.339535820686, 0.893262806804
        }
    );
    _data[2415303.5] = RotMatrix3x3(
        array<PrecType, 9> {
           0.671892449633, -0.59109523982, 0.446281249424,
           0.679531920895, 0.731656851509, -0.0539872218615,
           -0.294613143988, 0.339535961426, 0.893262797999
        }
    );
    _data[2415313.5] = RotMatrix3x3(
        array<PrecType, 9> {
           0.671892825138, -0.591094838088, 0.44628121618,
           0.679531608359, 0.731657110751, -0.0539876423704,
           -0.294613008487, 0.339536102166, 0.893262789193
        }
    );
    _data[2415323.5] = RotMatrix3x3(
        array<PrecType, 9> {
           0.671893200641, -0.591094436355, 0.446281182935,
           0.679531295823, 0.731657369992, -0.0539880628794,
           -0.294612872986, 0.339536242906, 0.893262780387
        }
    );
    _data[2415333.5] = RotMatrix3x3(
        array<PrecType, 9> {
           0.671893576145, -0.591094034622, 0.44628114969,
           0.679530983287, 0.731657629233, -0.0539884833884,
           -0.294612737485, 0.339536383646, 0.893262771581
        }
    );
    _data[2415343.5] = RotMatrix3x3(
        array<PrecType, 9> {
           0.671893951649, -0.591093632889, 0.446281116445,
           0.67953067075, 0.731657888474, -0.0539889038974,
           -0.294612601984, 0.339536524386, 0.893262762775
        }
    );
    _data[2415353.5] = RotMatrix3x3(
        array<PrecType, 9> {
           0.671894327152, -0.591093231156, 0.4462810832,
           0.679530358214, 0.731658147714, -0.0539893244066,
           -0.294612466482, 0.339536665126, 0.893262753969
        }
    );
    _data[2415363.5] = RotMatrix3x3(
        array<PrecType, 9> {
           0.671894702656, -0.591092829423, 0.446281049954,
           0.679530045677, 0.731658406954, -0.0539897449158,
           -0.294612330981, 0.339536805867, 0.893262745163
        }
    );
    _data[2415373.5] = RotMatrix3x3(
        array<PrecType, 9> {
           0.671895078159, -0.59109242769, 0.446281016708,
           0.67952973314, 0.731658666194, -0.053990165425,
           -0.29461219548, 0.339536946607, 0.893262736357
        }
    );
    _data[2415383.5] = RotMatrix3x3(
        array<PrecType, 9> {
           0.671895453662, -0.591092025957, 0.446280983462,
           0.679529420602, 0.731658925433, -0.0539905859343,
           -0.294612059978, 0.339537087347, 0.893262727551
        }
    );
    _data[2415393.5] = RotMatrix3x3(
        array<PrecType, 9> {
           0.671895829164, -0.591091624223, 0.446280950215,
           0.679529108065, 0.731659184672, -0.0539910064437,
           -0.294611924477, 0.339537228088, 0.893262718744
        }
    );
    _data[2415403.5] = RotMatrix3x3(
        array<PrecType, 9> {
           0.671896204667, -0.59109122249, 0.446280916968,
           0.679528795528, 0.731659443911, -0.0539914269532,
           -0.294611788975, 0.339537368828, 0.893262709938
        }
    );
    _data[2415413.5] = RotMatrix3x3(
        array<PrecType, 9> {
           0.671896580169, -0.591090820756, 0.446280883721,
           0.67952848299, 0.73165970315, -0.0539918474626,
           -0.294611653473, 0.339537509569, 0.893262701132
        }
    );
    _data[2415423.5] = RotMatrix3x3(
        array<PrecType, 9> {
           0.671896955671, -0.591090419023, 0.446280850473,
           0.679528170452, 0.731659962388, -0.0539922679722,
           -0.294611517972, 0.33953765031, 0.893262692325
        }
    );
    _data[2415433.5] = RotMatrix3x3(
        array<PrecType, 9> {
           0.671897331173, -0.591090017289, 0.446280817225,
           0.679527857914, 0.731660221626, -0.0539926884818,
           -0.29461138247, 0.339537791051, 0.893262683519
        }
    );
    _data[2415443.5] = RotMatrix3x3(
        array<PrecType, 9> {
           0.671897706675, -0.591089615556, 0.446280783977,
           0.679527545376, 0.731660480863, -0.0539931089915,
           -0.294611246968, 0.339537931792, 0.893262674713
        }
    );
    _data[2415453.5] = RotMatrix3x3(
        array<PrecType, 9> {
           0.671898082177, -0.591089213822, 0.446280750728,
           0.679527232837, 0.731660740101, -0.0539935295012,
           -0.294611111466, 0.339538072533, 0.893262665906
        }
    );
    _data[2415463.5] = RotMatrix3x3(
        array<PrecType, 9> {
           0.671898457679, -0.591088812088, 0.446280717479,
           0.679526920299, 0.731660999337, -0.053993950011,
           -0.294610975964, 0.339538213274, 0.893262657099
        }
    );
    _data[2415473.5] = RotMatrix3x3(
        array<PrecType, 9> {
           0.67189883318, -0.591088410354, 0.44628068423,
           0.67952660776, 0.731661258574, -0.0539943705209,
           -0.294610840462, 0.339538354015, 0.893262648293
        }
    );
    _data[2415483.5] = RotMatrix3x3(
        array<PrecType, 9> {
           0.671899208681, -0.59108800862, 0.446280650981,
           0.679526295221, 0.73166151781, -0.0539947910308,
           -0.29461070496, 0.339538494756, 0.893262639486
        }
    );
    _data[2415493.5] = RotMatrix3x3(
        array<PrecType, 9> {
           0.671899584182, -0.591087606886, 0.446280617731,
           0.679525982682, 0.731661777046, -0.0539952115408,
           -0.294610569457, 0.339538635497, 0.89326263068
        }
    );
    _data[2415503.5] = RotMatrix3x3(
        array<PrecType, 9> {
           0.671899959683, -0.591087205151, 0.446280584481,
           0.679525670143, 0.731662036282, -0.0539956320508,
           -0.294610433955, 0.339538776239, 0.893262621873
        }
    );
    _data[2415513.5] = RotMatrix3x3(
        array<PrecType, 9> {
           0.671900335184, -0.591086803417, 0.44628055123,
           0.679525357603, 0.731662295518, -0.0539960525609,
           -0.294610298453, 0.33953891698, 0.893262613066
        }
    );
    _data[2415523.5] = RotMatrix3x3(
        array<PrecType, 9> {
           0.671900710684, -0.591086401683, 0.446280517979,
           0.679525045064, 0.731662554753, -0.053996473071,
           -0.29461016295, 0.339539057722, 0.893262604259
        }
    );
    _data[2415533.5] = RotMatrix3x3(
        array<PrecType, 9> {
           0.671901086184, -0.591085999948, 0.446280484728,
           0.679524732524, 0.731662813987, -0.0539968935813,
           -0.294610027447, 0.339539198463, 0.893262595452
        }
    );
    _data[2415543.5] = RotMatrix3x3(
        array<PrecType, 9> {
           0.671901461685, -0.591085598214, 0.446280451477,
           0.679524419984, 0.731663073222, -0.0539973140915,
           -0.294609891945, 0.339539339205, 0.893262586645
        }
    );
    _data[2415553.5] = RotMatrix3x3(
        array<PrecType, 9> {
           0.671901837185, -0.591085196479, 0.446280418225,
           0.679524107444, 0.731663332456, -0.0539977346019,
           -0.294609756442, 0.339539479947, 0.893262577838
        }
    );
    _data[2415563.5] = RotMatrix3x3(
        array<PrecType, 9> {
           0.671902212684, -0.591084794744, 0.446280384973,
           0.679523794903, 0.73166359169, -0.0539981551123,
           -0.294609620939, 0.339539620689, 0.893262569031
        }
    );
    _data[2415573.5] = RotMatrix3x3(
        array<PrecType, 9> {
           0.671902588184, -0.59108439301, 0.446280351721,
           0.679523482363, 0.731663850923, -0.0539985756227,
           -0.294609485436, 0.339539761431, 0.893262560224
        }
    );
    _data[2415583.5] = RotMatrix3x3(
        array<PrecType, 9> {
           0.671902963683, -0.591083991275, 0.446280318468,
           0.679523169822, 0.731664110157, -0.0539989961332,
           -0.294609349933, 0.339539902173, 0.893262551417
        }
    );
    _data[2415593.5] = RotMatrix3x3(
        array<PrecType, 9> {
           0.671903339183, -0.59108358954, 0.446280285215,
           0.679522857281, 0.73166436939, -0.0539994166438,
           -0.29460921443, 0.339540042915, 0.89326254261
        }
    );
    _data[2415603.5] = RotMatrix3x3(
        array<PrecType, 9> {
           0.671903714682, -0.591083187805, 0.446280251962,
           0.67952254474, 0.731664628622, -0.0539998371544,
           -0.294609078927, 0.339540183657, 0.893262533803
        }
    );
    _data[2415613.5] = RotMatrix3x3(
        array<PrecType, 9> {
           0.671904090181, -0.591082786069, 0.446280218709,
           0.679522232199, 0.731664887855, -0.0540002576651,
           -0.294608943424, 0.339540324399, 0.893262524996
        }
    );
    _data[2415623.5] = RotMatrix3x3(
        array<PrecType, 9> {
           0.67190446568, -0.591082384334, 0.446280185455,
           0.679521919658, 0.731665147087, -0.0540006781759,
           -0.294608807921, 0.339540465142, 0.893262516188
        }
    );
    _data[2415633.5] = RotMatrix3x3(
        array<PrecType, 9> {
           0.671904841178, -0.591081982599, 0.446280152201,
           0.679521607116, 0.731665406318, -0.0540010986867,
           -0.294608672417, 0.339540605884, 0.893262507381
        }
    );
    _data[2415643.5] = RotMatrix3x3(
        array<PrecType, 9> {
           0.671905216677, -0.591081580864, 0.446280118946,
           0.679521294574, 0.73166566555, -0.0540015191976,
           -0.294608536914, 0.339540746626, 0.893262498573
        }
    );
    _data[2415653.5] = RotMatrix3x3(
        array<PrecType, 9> {
           0.671905592175, -0.591081179128, 0.446280085691,
           0.679520982033, 0.731665924781, -0.0540019397085,
           -0.29460840141, 0.339540887369, 0.893262489766
        }
    );
    _data[2415663.5] = RotMatrix3x3(
        array<PrecType, 9> {
           0.671905967673, -0.591080777393, 0.446280052436,
           0.679520669491, 0.731666184011, -0.0540023602195,
           -0.294608265907, 0.339541028112, 0.893262480959
        }
    );
    _data[2415673.5] = RotMatrix3x3(
        array<PrecType, 9> {
           0.671906343171, -0.591080375657, 0.446280019181,
           0.679520356948, 0.731666443242, -0.0540027807306,
           -0.294608130403, 0.339541168854, 0.893262472151
        }
    );
    _data[2415683.5] = RotMatrix3x3(
        array<PrecType, 9> {
           0.671906718669, -0.591079973921, 0.446279985925,
           0.679520044406, 0.731666702472, -0.0540032012417,
           -0.2946079949, 0.339541309597, 0.893262463343
        }
    );
    _data[2415693.5] = RotMatrix3x3(
        array<PrecType, 9> {
           0.671907094166, -0.591079572185, 0.446279952669,
           0.679519731863, 0.731666961702, -0.0540036217528,
           -0.294607859396, 0.33954145034, 0.893262454536
        }
    );
    _data[2415703.5] = RotMatrix3x3(
        array<PrecType, 9> {
           0.671907469664, -0.59107917045, 0.446279919413,
           0.67951941932, 0.731667220931, -0.0540040422641,
           -0.294607723892, 0.339541591083, 0.893262445728
        }
    );
    _data[2415713.5] = RotMatrix3x3(
        array<PrecType, 9> {
           0.671907845161, -0.591078768713, 0.446279886156,
           0.679519106778, 0.731667480161, -0.0540044627754,
           -0.294607588387, 0.339541731827, 0.89326243692
        }
    );
    _data[2415723.5] = RotMatrix3x3(
        array<PrecType, 9> {
           0.671908220658, -0.591078366978, 0.446279852899,
           0.679518794234, 0.73166773939, -0.0540048832867,
           -0.294607452884, 0.339541872569, 0.893262428113
        }
    );
    _data[2415733.5] = RotMatrix3x3(
        array<PrecType, 9> {
           0.671908596155, -0.591077965241, 0.446279819642,
           0.679518481691, 0.731667998618, -0.0540053037981,
           -0.29460731738, 0.339542013312, 0.893262419305
        }
    );
    _data[2415743.5] = RotMatrix3x3(
        array<PrecType, 9> {
           0.671908971651, -0.591077563505, 0.446279786384,
           0.679518169148, 0.731668257846, -0.0540057243096,
           -0.294607181876, 0.339542154056, 0.893262410497
        }
    );
    _data[2415753.5] = RotMatrix3x3(
        array<PrecType, 9> {
           0.671909347148, -0.591077161769, 0.446279753126,
           0.679517856604, 0.731668517074, -0.0540061448211,
           -0.294607046371, 0.339542294799, 0.893262401689
        }
    );
    _data[2415763.5] = RotMatrix3x3(
        array<PrecType, 9> {
           0.671909722644, -0.591076760033, 0.446279719868,
           0.67951754406, 0.731668776302, -0.0540065653327,
           -0.294606910867, 0.339542435542, 0.893262392881
        }
    );
    _data[2415773.5] = RotMatrix3x3(
        array<PrecType, 9> {
           0.67191009814, -0.591076358296, 0.44627968661,
           0.679517231516, 0.731669035529, -0.0540069858444,
           -0.294606775363, 0.339542576286, 0.893262384073
        }
    );
    _data[2415783.5] = RotMatrix3x3(
        array<PrecType, 9> {
           0.671910473636, -0.59107595656, 0.446279653351,
           0.679516918972, 0.731669294756, -0.0540074063561,
           -0.294606639858, 0.339542717029, 0.893262375265
        }
    );
    _data[2415793.5] = RotMatrix3x3(
        array<PrecType, 9> {
           0.671910849132, -0.591075554823, 0.446279620092,
           0.679516606428, 0.731669553983, -0.0540078268679,
           -0.294606504354, 0.339542857773, 0.893262366457
        }
    );
    _data[2415803.5] = RotMatrix3x3(
        array<PrecType, 9> {
           0.671911224628, -0.591075153086, 0.446279586832,
           0.679516293883, 0.73166981321, -0.0540082473797,
           -0.294606368849, 0.339542998517, 0.893262357649
        }
    );
    _data[2415813.5] = RotMatrix3x3(
        array<PrecType, 9> {
           0.671911600123, -0.591074751349, 0.446279553572,
           0.679515981338, 0.731670072436, -0.0540086678916,
           -0.294606233344, 0.339543139261, 0.89326234884
        }
    );
    _data[2415823.5] = RotMatrix3x3(
        array<PrecType, 9> {
           0.671911975619, -0.591074349613, 0.446279520312,
           0.679515668794, 0.731670331662, -0.0540090884036,
           -0.294606097839, 0.339543280005, 0.893262340032
        }
    );
    _data[2415833.5] = RotMatrix3x3(
        array<PrecType, 9> {
           0.671912351114, -0.591073947876, 0.446279487052,
           0.679515356249, 0.731670590887, -0.0540095089156,
           -0.294605962335, 0.339543420749, 0.893262331224
        }
    );
    _data[2415843.5] = RotMatrix3x3(
        array<PrecType, 9> {
           0.671912726609, -0.591073546139, 0.446279453791,
           0.679515043703, 0.731670850112, -0.0540099294276,
           -0.29460582683, 0.339543561493, 0.893262322415
        }
    );
    _data[2415853.5] = RotMatrix3x3(
        array<PrecType, 9> {
           0.671913102104, -0.591073144402, 0.44627942053,
           0.679514731158, 0.731671109337, -0.0540103499398,
           -0.294605691325, 0.339543702237, 0.893262313607
        }
    );
    _data[2415863.5] = RotMatrix3x3(
        array<PrecType, 9> {
           0.671913477598, -0.591072742664, 0.446279387269,
           0.679514418612, 0.731671368562, -0.054010770452,
           -0.29460555582, 0.339543842981, 0.893262304799
        }
    );
    _data[2415873.5] = RotMatrix3x3(
        array<PrecType, 9> {
           0.671913853093, -0.591072340927, 0.446279354007,
           0.679514106067, 0.731671627786, -0.0540111909642,
           -0.294605420314, 0.339543983725, 0.89326229599
        }
    );
    _data[2415883.5] = RotMatrix3x3(
        array<PrecType, 9> {
           0.671914228587, -0.59107193919, 0.446279320745,
           0.679513793521, 0.73167188701, -0.0540116114765,
           -0.294605284809, 0.33954412447, 0.893262287181
        }
    );
    _data[2415893.5] = RotMatrix3x3(
        array<PrecType, 9> {
           0.671914604081, -0.591071537452, 0.446279287483,
           0.679513480975, 0.731672146234, -0.0540120319889,
           -0.294605149304, 0.339544265214, 0.893262278373
        }
    );
    _data[2415903.5] = RotMatrix3x3(
        array<PrecType, 9> {
           0.671914979575, -0.591071135715, 0.446279254221,
           0.679513168428, 0.731672405457, -0.0540124525013,
           -0.294605013798, 0.339544405959, 0.893262269564
        }
    );
    _data[2415913.5] = RotMatrix3x3(
        array<PrecType, 9> {
           0.671915355069, -0.591070733977, 0.446279220958,
           0.679512855882, 0.73167266468, -0.0540128730138,
           -0.294604878293, 0.339544546703, 0.893262260756
        }
    );
    _data[2415923.5] = RotMatrix3x3(
        array<PrecType, 9> {
           0.671915730562, -0.591070332239, 0.446279187695,
           0.679512543335, 0.731672923903, -0.0540132935264,
           -0.294604742787, 0.339544687448, 0.893262251947
        }
    );
    _data[2415933.5] = RotMatrix3x3(
        array<PrecType, 9> {
           0.671916106056, -0.591069930502, 0.446279154431,
           0.679512230789, 0.731673183125, -0.054013714039,
           -0.294604607282, 0.339544828193, 0.893262243138
        }
    );
    _data[2415943.5] = RotMatrix3x3(
        array<PrecType, 9> {
           0.671916481549, -0.591069528764, 0.446279121167,
           0.679511918242, 0.731673442347, -0.0540141345517,
           -0.294604471776, 0.339544968937, 0.893262234329
        }
    );
    _data[2415953.5] = RotMatrix3x3(
        array<PrecType, 9> {
           0.671916857042, -0.591069127026, 0.446279087903,
           0.679511605694, 0.731673701569, -0.0540145550644,
           -0.29460433627, 0.339545109682, 0.89326222552
        }
    );
    _data[2415963.5] = RotMatrix3x3(
        array<PrecType, 9> {
           0.671917232535, -0.591068725288, 0.446279054639,
           0.679511293147, 0.731673960791, -0.0540149755772,
           -0.294604200765, 0.339545250427, 0.893262216711
        }
    );
    _data[2415973.5] = RotMatrix3x3(
        array<PrecType, 9> {
           0.671917608028, -0.59106832355, 0.446279021374,
           0.6795109806, 0.731674220012, -0.05401539609,
           -0.294604065259, 0.339545391172, 0.893262207902
        }
    );
    _data[2415983.5] = RotMatrix3x3(
        array<PrecType, 9> {
           0.67191798352, -0.591067921812, 0.446278988109,
           0.679510668052, 0.731674479233, -0.054015816603,
           -0.294603929753, 0.339545531918, 0.893262199093
        }
    );
    _data[2415993.5] = RotMatrix3x3(
        array<PrecType, 9> {
           0.671918359013, -0.591067520073, 0.446278954844,
           0.679510355504, 0.731674738453, -0.0540162371159,
           -0.294603794247, 0.339545672663, 0.893262190284
        }
    );
    _data[2416003.5] = RotMatrix3x3(
        array<PrecType, 9> {
           0.671918734505, -0.591067118335, 0.446278921578,
           0.679510042956, 0.731674997673, -0.054016657629,
           -0.29460365874, 0.339545813408, 0.893262181475
        }
    );
    _data[2416013.5] = RotMatrix3x3(
        array<PrecType, 9> {
           0.671919109997, -0.591066716596, 0.446278888312,
           0.679509730408, 0.731675256893, -0.0540170781421,
           -0.294603523234, 0.339545954154, 0.893262172666
        }
    );
    _data[2416023.5] = RotMatrix3x3(
        array<PrecType, 9> {
           0.671919485489, -0.591066314858, 0.446278855046,
           0.67950941786, 0.731675516113, -0.0540174986552,
           -0.294603387728, 0.339546094899, 0.893262163857
        }
    );
    _data[2416033.5] = RotMatrix3x3(
        array<PrecType, 9> {
           0.67191986098, -0.591065913119, 0.446278821779,
           0.679509105311, 0.731675775332, -0.0540179191684,
           -0.294603252222, 0.339546235645, 0.893262155048
        }
    );
    _data[2416043.5] = RotMatrix3x3(
        array<PrecType, 9> {
           0.671920236472, -0.591065511381, 0.446278788512,
           0.679508792762, 0.731676034551, -0.0540183396817,
           -0.294603116715, 0.33954637639, 0.893262146238
        }
    );
    _data[2416053.5] = RotMatrix3x3(
        array<PrecType, 9> {
           0.671920611963, -0.591065109642, 0.446278755245,
           0.679508480213, 0.73167629377, -0.054018760195,
           -0.294602981209, 0.339546517136, 0.893262137429
        }
    );
    _data[2416063.5] = RotMatrix3x3(
        array<PrecType, 9> {
           0.671920987454, -0.591064707903, 0.446278721977,
           0.679508167664, 0.731676552988, -0.0540191807084,
           -0.294602845702, 0.339546657882, 0.893262128619
        }
    );
    _data[2416073.5] = RotMatrix3x3(
        array<PrecType, 9> {
           0.671921362945, -0.591064306164, 0.44627868871,
           0.679507855115, 0.731676812206, -0.0540196012219,
           -0.294602710195, 0.339546798627, 0.89326211981
        }
    );
    _data[2416083.5] = RotMatrix3x3(
        array<PrecType, 9> {
           0.671921738436, -0.591063904425, 0.446278655441,
           0.679507542566, 0.731677071424, -0.0540200217354,
           -0.294602574689, 0.339546939373, 0.893262111
        }
    );
    _data[2416093.5] = RotMatrix3x3(
        array<PrecType, 9> {
           0.671922113927, -0.591063502686, 0.446278622173,
           0.679507230016, 0.731677330642, -0.054020442249,
           -0.294602439182, 0.339547080119, 0.893262102191
        }
    );
    _data[2416103.5] = RotMatrix3x3(
        array<PrecType, 9> {
           0.671922489417, -0.591063100947, 0.446278588904,
           0.679506917466, 0.731677589859, -0.0540208627626,
           -0.294602303675, 0.339547220866, 0.893262093381
        }
    );
    _data[2416113.5] = RotMatrix3x3(
        array<PrecType, 9> {
           0.671922864908, -0.591062699208, 0.446278555635,
           0.679506604917, 0.731677849076, -0.0540212832763,
           -0.294602168168, 0.339547361612, 0.893262084572
        }
    );
    _data[2416123.5] = RotMatrix3x3(
        array<PrecType, 9> {
           0.671923240398, -0.591062297468, 0.446278522366,
           0.679506292366, 0.731678108292, -0.05402170379,
           -0.294602032661, 0.339547502358, 0.893262075762
        }
    );
    _data[2416133.5] = RotMatrix3x3(
        array<PrecType, 9> {
           0.671923615888, -0.591061895729, 0.446278489096,
           0.679505979816, 0.731678367508, -0.0540221243038,
           -0.294601897154, 0.339547643104, 0.893262066952
        }
    );
    _data[2416143.5] = RotMatrix3x3(
        array<PrecType, 9> {
           0.671923991377, -0.591061493989, 0.446278455826,
           0.679505667266, 0.731678626724, -0.0540225448177,
           -0.294601761646, 0.339547783851, 0.893262058142
        }
    );
    _data[2416153.5] = RotMatrix3x3(
        array<PrecType, 9> {
           0.671924366867, -0.59106109225, 0.446278422556,
           0.679505354715, 0.73167888594, -0.0540229653316,
           -0.294601626139, 0.339547924597, 0.893262049333
        }
    );
    _data[2416163.5] = RotMatrix3x3(
        array<PrecType, 9> {
           0.671924742357, -0.59106069051, 0.446278389285,
           0.679505042164, 0.731679145155, -0.0540233858456,
           -0.294601490632, 0.339548065344, 0.893262040523
        }
    );
    _data[2416173.5] = RotMatrix3x3(
        array<PrecType, 9> {
           0.671925117846, -0.59106028877, 0.446278356014,
           0.679504729613, 0.73167940437, -0.0540238063597,
           -0.294601355124, 0.33954820609, 0.893262031713
        }
    );
    _data[2416183.5] = RotMatrix3x3(
        array<PrecType, 9> {
           0.671925493335, -0.59105988703, 0.446278322743,
           0.679504417062, 0.731679663585, -0.0540242268738,
           -0.294601219617, 0.339548346837, 0.893262022903
        }
    );
    _data[2416193.5] = RotMatrix3x3(
        array<PrecType, 9> {
           0.671925868824, -0.591059485291, 0.446278289471,
           0.679504104511, 0.731679922799, -0.054024647388,
           -0.294601084109, 0.339548487584, 0.893262014093
        }
    );
    _data[2416203.5] = RotMatrix3x3(
        array<PrecType, 9> {
           0.671926244313, -0.591059083551, 0.446278256199,
           0.679503791959, 0.731680182013, -0.0540250679022,
           -0.294600948602, 0.339548628331, 0.893262005283
        }
    );
    _data[2416213.5] = RotMatrix3x3(
        array<PrecType, 9> {
           0.671926619801, -0.59105868181, 0.446278222927,
           0.679503479408, 0.731680441227, -0.0540254884165,
           -0.294600813094, 0.339548769078, 0.893261996473
        }
    );
    _data[2416223.5] = RotMatrix3x3(
        array<PrecType, 9> {
           0.67192699529, -0.59105828007, 0.446278189655,
           0.679503166856, 0.731680700441, -0.0540259089308,
           -0.294600677586, 0.339548909825, 0.893261987662
        }
    );
    _data[2416233.5] = RotMatrix3x3(
        array<PrecType, 9> {
           0.671927370778, -0.59105787833, 0.446278156382,
           0.679502854304, 0.731680959654, -0.0540263294453,
           -0.294600542078, 0.339549050572, 0.893261978852
        }
    );
    _data[2416243.5] = RotMatrix3x3(
        array<PrecType, 9> {
           0.671927746266, -0.59105747659, 0.446278123109,
           0.679502541752, 0.731681218867, -0.0540267499597,
           -0.29460040657, 0.339549191319, 0.893261970042
        }
    );
    _data[2416253.5] = RotMatrix3x3(
        array<PrecType, 9> {
           0.671928121754, -0.591057074849, 0.446278089835,
           0.679502229199, 0.731681478079, -0.0540271704743,
           -0.294600271062, 0.339549332066, 0.893261961232
        }
    );
    _data[2416263.5] = RotMatrix3x3(
        array<PrecType, 9> {
           0.671928497241, -0.591056673109, 0.446278056562,
           0.679501916647, 0.731681737291, -0.0540275909889,
           -0.294600135554, 0.339549472814, 0.893261952421
        }
    );
    _data[2416273.5] = RotMatrix3x3(
        array<PrecType, 9> {
           0.671928872729, -0.591056271368, 0.446278023288,
           0.679501604094, 0.731681996503, -0.0540280115035,
           -0.294600000046, 0.339549613561, 0.893261943611
        }
    );
    _data[2416283.5] = RotMatrix3x3(
        array<PrecType, 9> {
           0.671929248216, -0.591055869628, 0.446277990013,
           0.679501291541, 0.731682255715, -0.0540284320182,
           -0.294599864538, 0.339549754309, 0.8932619348
        }
    );
    _data[2416293.5] = RotMatrix3x3(
        array<PrecType, 9> {
           0.671929623704, -0.591055467887, 0.446277956739,
           0.679500978988, 0.731682514926, -0.054028852533,
           -0.294599729029, 0.339549895056, 0.89326192599
        }
    );
    _data[2416303.5] = RotMatrix3x3(
        array<PrecType, 9> {
           0.671929999191, -0.591055066146, 0.446277923464,
           0.679500666435, 0.731682774137, -0.0540292730478,
           -0.294599593521, 0.339550035804, 0.893261917179
        }
    );
    _data[2416313.5] = RotMatrix3x3(
        array<PrecType, 9> {
           0.671930374677, -0.591054664405, 0.446277890188,
           0.679500353881, 0.731683033348, -0.0540296935627,
           -0.294599458012, 0.339550176552, 0.893261908369
        }
    );
    _data[2416323.5] = RotMatrix3x3(
        array<PrecType, 9> {
           0.671930750164, -0.591054262664, 0.446277856913,
           0.679500041328, 0.731683292558, -0.0540301140777,
           -0.294599322504, 0.339550317299, 0.893261899558
        }
    );
    _data[2416333.5] = RotMatrix3x3(
        array<PrecType, 9> {
           0.671931125651, -0.591053860923, 0.446277823637,
           0.679499728774, 0.731683551768, -0.0540305345927,
           -0.294599186995, 0.339550458047, 0.893261890747
        }
    );
    _data[2416343.5] = RotMatrix3x3(
        array<PrecType, 9> {
           0.671931501137, -0.591053459182, 0.446277790361,
           0.67949941622, 0.731683810978, -0.0540309551077,
           -0.294599051486, 0.339550598795, 0.893261881937
        }
    );
    _data[2416353.5] = RotMatrix3x3(
        array<PrecType, 9> {
           0.671931876623, -0.591053057441, 0.446277757084,
           0.679499103666, 0.731684070187, -0.0540313756229,
           -0.294598915978, 0.339550739543, 0.893261873126
        }
    );
    _data[2416363.5] = RotMatrix3x3(
        array<PrecType, 9> {
           0.671932252109, -0.591052655699, 0.446277723807,
           0.679498791111, 0.731684329396, -0.0540317961381,
           -0.294598780469, 0.339550880291, 0.893261864315
        }
    );
    _data[2416373.5] = RotMatrix3x3(
        array<PrecType, 9> {
           0.671932627595, -0.591052253958, 0.44627769053,
           0.679498478557, 0.731684588605, -0.0540322166533,
           -0.29459864496, 0.33955102104, 0.893261855504
        }
    );
    _data[2416383.5] = RotMatrix3x3(
        array<PrecType, 9> {
           0.671933003081, -0.591051852216, 0.446277657252,
           0.679498166002, 0.731684847814, -0.0540326371686,
           -0.294598509451, 0.339551161788, 0.893261846693
        }
    );
    _data[2416393.5] = RotMatrix3x3(
        array<PrecType, 9> {
           0.671933378566, -0.591051450475, 0.446277623975,
           0.679497853448, 0.731685107022, -0.054033057684,
           -0.294598373942, 0.339551302536, 0.893261837882
        }
    );
    _data[2416403.5] = RotMatrix3x3(
        array<PrecType, 9> {
           0.671933754051, -0.591051048733, 0.446277590697,
           0.679497540893, 0.73168536623, -0.0540334781994,
           -0.294598238432, 0.339551443285, 0.893261829071
        }
    );
    _data[2416413.5] = RotMatrix3x3(
        array<PrecType, 9> {
           0.671934129536, -0.591050646991, 0.446277557418,
           0.679497228337, 0.731685625437, -0.0540338987149,
           -0.294598102923, 0.339551584033, 0.89326182026
        }
    );
    _data[2416423.5] = RotMatrix3x3(
        array<PrecType, 9> {
           0.671934505021, -0.59105024525, 0.446277524139,
           0.679496915782, 0.731685884644, -0.0540343192305,
           -0.294597967414, 0.339551724782, 0.893261811449
        }
    );
    _data[2416433.5] = RotMatrix3x3(
        array<PrecType, 9> {
           0.671934880506, -0.591049843508, 0.44627749086,
           0.679496603227, 0.731686143851, -0.0540347397461,
           -0.294597831904, 0.339551865531, 0.893261802638
        }
    );
    _data[2416443.5] = RotMatrix3x3(
        array<PrecType, 9> {
           0.671935255991, -0.591049441766, 0.446277457581,
           0.679496290671, 0.731686403058, -0.0540351602618,
           -0.294597696395, 0.339552006279, 0.893261793827
        }
    );
    _data[2416453.5] = RotMatrix3x3(
        array<PrecType, 9> {
           0.671935631475, -0.591049040024, 0.446277424301,
           0.679495978115, 0.731686662264, -0.0540355807775,
           -0.294597560885, 0.339552147028, 0.893261785015
        }
    );
    _data[2416463.5] = RotMatrix3x3(
        array<PrecType, 9> {
           0.671936006959, -0.591048638282, 0.446277391022,
           0.679495665559, 0.73168692147, -0.0540360012933,
