//# NeptuneFrameRotMatrix.cc
//# Copyright (C) 2016 David Mehringer
//# 
//#     This program is free software: you can redistribute it and/or modify
//#     it under the terms of the GNU General Public License as published by
//#     the Free Software Foundation, either version 3 of the License, or
//#     (at your option) any later version.
//# 
//#     This program is distributed in the hope that it will be useful,
//#     but WITHOUT ANY WARRANTY; without even the implied warranty of
//#     MERCHANTABILITY or FITNESS FOR A PARTICULAR PURPOSE.  See the
//#     GNU General Public License for more details.
//# 
//#     You should have received a copy of the GNU General Public License
//#     along with this program.  If not, see <http://www.gnu.org/licenses/>.
//# 
#include "NeptuneFrameRotMatrix.h"

using namespace std;

namespace kepler {

map<PrecType, RotMatrix3x3> NeptuneFrameRotMatrix::_data;


NeptuneFrameRotMatrix::NeptuneFrameRotMatrix(): _currentEcToEq(), _currentEqToEc()  {
    if (_data.empty()) {
        _initData();
    }
    _currentEcToEq = *_data.begin();
    _currentEqToEc.first = _currentEcToEq.first;
    _currentEqToEc.second = _currentEcToEq.second.transpose();
}

NeptuneFrameRotMatrix::~NeptuneFrameRotMatrix() {}

const RotMatrix3x3& NeptuneFrameRotMatrix::ecToEq(
    PrecType t, TimeUnit unit
) const {
    if (unit == SECOND) {
        t /= SECOND_PER_DAY;
    }
    if (abs(_currentEcToEq.first - t) > 5) {
        _currentEcToEq = *_data.lower_bound(t - 5);
    }
     return _currentEcToEq.second;
}

const RotMatrix3x3& NeptuneFrameRotMatrix::eqToEc(
    PrecType t, TimeUnit unit
) const {
    if (unit == SECOND) {
        t /= SECOND_PER_DAY;
    }
    if (abs(_currentEqToEc.first - t) > 5) {
        _currentEqToEc.first = t;
        _currentEqToEc.second = _data.lower_bound(t - 5)->second.transpose();
    }
    return _currentEqToEc.second;
}

void NeptuneFrameRotMatrix::_initData() {
    _data[2415020.5] = RotMatrix3x3(
        array<PrecType, 9> {
           0.871556314255, -0.337248719152, 0.355883256859,
           0.449837245675, 0.838757348325, -0.306810304641,
           -0.195028314574, 0.427492002335, 0.882731297992
        }
    );
    _data[2415030.5] = RotMatrix3x3(
        array<PrecType, 9> {
           0.871556314255, -0.337248719152, 0.355883256859,
           0.449837245675, 0.838757348325, -0.306810304641,
           -0.195028314574, 0.427492002335, 0.882731297992
        }
    );
    _data[2415040.5] = RotMatrix3x3(
        array<PrecType, 9> {
           0.871556314255, -0.337248719152, 0.355883256859,
           0.449837245675, 0.838757348325, -0.306810304641,
           -0.195028314574, 0.427492002335, 0.882731297992
        }
    );
    _data[2415050.5] = RotMatrix3x3(
        array<PrecType, 9> {
           0.871556314255, -0.337248719152, 0.355883256859,
           0.449837245675, 0.838757348325, -0.306810304641,
           -0.195028314574, 0.427492002335, 0.882731297992
        }
    );
    _data[2415060.5] = RotMatrix3x3(
        array<PrecType, 9> {
           0.871556314255, -0.337248719152, 0.355883256859,
           0.449837245675, 0.838757348325, -0.306810304641,
           -0.195028314574, 0.427492002335, 0.882731297992
        }
    );
    _data[2415070.5] = RotMatrix3x3(
        array<PrecType, 9> {
           0.871556314255, -0.337248719152, 0.355883256859,
           0.449837245675, 0.838757348325, -0.306810304641,
           -0.195028314574, 0.427492002335, 0.882731297992
        }
    );
    _data[2415080.5] = RotMatrix3x3(
        array<PrecType, 9> {
           0.871556314255, -0.337248719152, 0.355883256859,
           0.449837245675, 0.838757348325, -0.306810304641,
           -0.195028314574, 0.427492002335, 0.882731297992
        }
    );
    _data[2415090.5] = RotMatrix3x3(
        array<PrecType, 9> {
           0.871556314255, -0.337248719152, 0.355883256859,
           0.449837245675, 0.838757348325, -0.306810304641,
           -0.195028314573, 0.427492002335, 0.882731297992
        }
    );
    _data[2415100.5] = RotMatrix3x3(
        array<PrecType, 9> {
           0.871556314255, -0.337248719152, 0.355883256859,
           0.449837245675, 0.838757348325, -0.306810304641,
           -0.195028314574, 0.427492002335, 0.882731297992
        }
    );
    _data[2415110.5] = RotMatrix3x3(
        array<PrecType, 9> {
           0.871556314255, -0.337248719152, 0.355883256859,
           0.449837245675, 0.838757348325, -0.306810304641,
           -0.195028314574, 0.427492002335, 0.882731297992
        }
    );
    _data[2415120.5] = RotMatrix3x3(
        array<PrecType, 9> {
           0.871556314255, -0.337248719152, 0.355883256859,
           0.449837245675, 0.838757348325, -0.306810304641,
           -0.195028314574, 0.427492002335, 0.882731297992
        }
    );
    _data[2415130.5] = RotMatrix3x3(
        array<PrecType, 9> {
           0.871556314255, -0.337248719152, 0.355883256859,
           0.449837245675, 0.838757348325, -0.306810304641,
           -0.195028314574, 0.427492002335, 0.882731297992
        }
    );
    _data[2415140.5] = RotMatrix3x3(
        array<PrecType, 9> {
           0.871556314255, -0.337248719152, 0.355883256859,
           0.449837245675, 0.838757348325, -0.306810304641,
           -0.195028314574, 0.427492002335, 0.882731297992
        }
    );
    _data[2415150.5] = RotMatrix3x3(
        array<PrecType, 9> {
           0.871556314255, -0.337248719152, 0.355883256859,
           0.449837245675, 0.838757348325, -0.306810304641,
           -0.195028314574, 0.427492002335, 0.882731297992
        }
    );
    _data[2415160.5] = RotMatrix3x3(
        array<PrecType, 9> {
           0.871556314255, -0.337248719152, 0.355883256859,
           0.449837245675, 0.838757348325, -0.306810304641,
           -0.195028314574, 0.427492002335, 0.882731297992
        }
    );
    _data[2415170.5] = RotMatrix3x3(
        array<PrecType, 9> {
           0.871556314255, -0.337248719152, 0.355883256859,
           0.449837245675, 0.838757348325, -0.306810304641,
           -0.195028314574, 0.427492002335, 0.882731297992
        }
    );
    _data[2415180.5] = RotMatrix3x3(
        array<PrecType, 9> {
           0.871556314255, -0.337248719152, 0.355883256859,
           0.449837245675, 0.838757348325, -0.306810304641,
           -0.195028314574, 0.427492002335, 0.882731297992
        }
    );
    _data[2415190.5] = RotMatrix3x3(
        array<PrecType, 9> {
           0.871556314255, -0.337248719152, 0.355883256859,
           0.449837245675, 0.838757348325, -0.306810304641,
           -0.195028314574, 0.427492002335, 0.882731297992
        }
    );
    _data[2415200.5] = RotMatrix3x3(
        array<PrecType, 9> {
           0.871556314255, -0.337248719152, 0.355883256859,
           0.449837245675, 0.838757348325, -0.306810304641,
           -0.195028314574, 0.427492002335, 0.882731297992
        }
    );
    _data[2415210.5] = RotMatrix3x3(
        array<PrecType, 9> {
           0.871556314255, -0.337248719152, 0.355883256859,
           0.449837245675, 0.838757348325, -0.306810304641,
           -0.195028314574, 0.427492002335, 0.882731297992
        }
    );
    _data[2415220.5] = RotMatrix3x3(
        array<PrecType, 9> {
           0.871556314255, -0.337248719152, 0.355883256859,
           0.449837245675, 0.838757348325, -0.306810304641,
           -0.195028314574, 0.427492002335, 0.882731297992
        }
    );
    _data[2415230.5] = RotMatrix3x3(
        array<PrecType, 9> {
           0.871556314255, -0.337248719152, 0.355883256859,
           0.449837245675, 0.838757348325, -0.306810304641,
           -0.195028314574, 0.427492002335, 0.882731297992
        }
    );
    _data[2415240.5] = RotMatrix3x3(
        array<PrecType, 9> {
           0.871556314255, -0.337248719152, 0.355883256859,
           0.449837245675, 0.838757348325, -0.306810304641,
           -0.195028314574, 0.427492002335, 0.882731297992
        }
    );
    _data[2415250.5] = RotMatrix3x3(
        array<PrecType, 9> {
           0.871556314255, -0.337248719152, 0.355883256859,
           0.449837245675, 0.838757348325, -0.306810304641,
           -0.195028314574, 0.427492002335, 0.882731297992
        }
    );
    _data[2415260.5] = RotMatrix3x3(
        array<PrecType, 9> {
           0.871556314255, -0.337248719152, 0.355883256859,
           0.449837245675, 0.838757348325, -0.306810304641,
           -0.195028314574, 0.427492002335, 0.882731297992
        }
    );
    _data[2415270.5] = RotMatrix3x3(
        array<PrecType, 9> {
           0.871556314255, -0.337248719152, 0.355883256859,
           0.449837245675, 0.838757348325, -0.306810304641,
           -0.195028314574, 0.427492002335, 0.882731297992
        }
    );
    _data[2415280.5] = RotMatrix3x3(
        array<PrecType, 9> {
           0.871556314255, -0.337248719152, 0.355883256859,
           0.449837245675, 0.838757348325, -0.306810304641,
           -0.195028314574, 0.427492002335, 0.882731297992
        }
    );
    _data[2415290.5] = RotMatrix3x3(
        array<PrecType, 9> {
           0.871556314255, -0.337248719152, 0.355883256859,
           0.449837245675, 0.838757348325, -0.306810304641,
           -0.195028314574, 0.427492002335, 0.882731297992
        }
    );
    _data[2415300.5] = RotMatrix3x3(
        array<PrecType, 9> {
           0.871556314255, -0.337248719152, 0.355883256859,
           0.449837245675, 0.838757348325, -0.306810304641,
           -0.195028314574, 0.427492002335, 0.882731297992
        }
    );
    _data[2415310.5] = RotMatrix3x3(
        array<PrecType, 9> {
           0.871556314255, -0.337248719152, 0.355883256859,
           0.449837245675, 0.838757348325, -0.306810304641,
           -0.195028314574, 0.427492002335, 0.882731297992
        }
    );
    _data[2415320.5] = RotMatrix3x3(
        array<PrecType, 9> {
           0.871556314255, -0.337248719152, 0.355883256859,
           0.449837245675, 0.838757348325, -0.306810304641,
           -0.195028314574, 0.427492002335, 0.882731297992
        }
    );
    _data[2415330.5] = RotMatrix3x3(
        array<PrecType, 9> {
           0.871556314255, -0.337248719152, 0.355883256859,
           0.449837245675, 0.838757348325, -0.306810304641,
           -0.195028314574, 0.427492002335, 0.882731297992
        }
    );
    _data[2415340.5] = RotMatrix3x3(
        array<PrecType, 9> {
           0.871556314255, -0.337248719152, 0.355883256859,
           0.449837245675, 0.838757348325, -0.306810304641,
           -0.195028314574, 0.427492002335, 0.882731297992
        }
    );
    _data[2415350.5] = RotMatrix3x3(
        array<PrecType, 9> {
           0.871556314255, -0.337248719152, 0.355883256859,
           0.449837245675, 0.838757348325, -0.306810304641,
           -0.195028314574, 0.427492002335, 0.882731297992
        }
    );
    _data[2415360.5] = RotMatrix3x3(
        array<PrecType, 9> {
           0.871556314255, -0.337248719152, 0.355883256859,
           0.449837245675, 0.838757348325, -0.306810304641,
           -0.195028314574, 0.427492002335, 0.882731297992
        }
    );
    _data[2415370.5] = RotMatrix3x3(
        array<PrecType, 9> {
           0.871556314255, -0.337248719152, 0.355883256859,
           0.449837245675, 0.838757348325, -0.306810304641,
           -0.195028314574, 0.427492002335, 0.882731297992
        }
    );
    _data[2415380.5] = RotMatrix3x3(
        array<PrecType, 9> {
           0.871556314255, -0.337248719152, 0.355883256859,
           0.449837245675, 0.838757348325, -0.306810304641,
           -0.195028314574, 0.427492002335, 0.882731297992
        }
    );
    _data[2415390.5] = RotMatrix3x3(
        array<PrecType, 9> {
           0.871556314255, -0.337248719152, 0.355883256859,
           0.449837245675, 0.838757348325, -0.306810304641,
           -0.195028314574, 0.427492002335, 0.882731297992
        }
    );
    _data[2415400.5] = RotMatrix3x3(
        array<PrecType, 9> {
           0.871556314255, -0.337248719152, 0.355883256859,
           0.449837245675, 0.838757348325, -0.306810304641,
           -0.195028314574, 0.427492002335, 0.882731297992
        }
    );
    _data[2415410.5] = RotMatrix3x3(
        array<PrecType, 9> {
           0.871556314255, -0.337248719152, 0.355883256859,
           0.449837245675, 0.838757348325, -0.306810304641,
           -0.195028314574, 0.427492002335, 0.882731297992
        }
    );
    _data[2415420.5] = RotMatrix3x3(
        array<PrecType, 9> {
           0.871556314255, -0.337248719152, 0.355883256859,
           0.449837245675, 0.838757348325, -0.306810304641,
           -0.195028314574, 0.427492002335, 0.882731297992
        }
    );
    _data[2415430.5] = RotMatrix3x3(
        array<PrecType, 9> {
           0.871556314255, -0.337248719152, 0.355883256859,
           0.449837245675, 0.838757348325, -0.306810304641,
           -0.195028314574, 0.427492002335, 0.882731297992
        }
    );
    _data[2415440.5] = RotMatrix3x3(
        array<PrecType, 9> {
           0.871556314255, -0.337248719152, 0.355883256859,
           0.449837245675, 0.838757348325, -0.306810304641,
           -0.195028314574, 0.427492002335, 0.882731297992
        }
    );
    _data[2415450.5] = RotMatrix3x3(
        array<PrecType, 9> {
           0.871556314255, -0.337248719152, 0.355883256859,
           0.449837245675, 0.838757348325, -0.306810304641,
           -0.195028314574, 0.427492002335, 0.882731297992
        }
    );
    _data[2415460.5] = RotMatrix3x3(
        array<PrecType, 9> {
           0.871556314255, -0.337248719152, 0.355883256859,
           0.449837245675, 0.838757348325, -0.306810304641,
           -0.195028314574, 0.427492002335, 0.882731297992
        }
    );
    _data[2415470.5] = RotMatrix3x3(
        array<PrecType, 9> {
           0.871556314255, -0.337248719152, 0.355883256859,
           0.449837245675, 0.838757348325, -0.306810304641,
           -0.195028314574, 0.427492002335, 0.882731297992
        }
    );
    _data[2415480.5] = RotMatrix3x3(
        array<PrecType, 9> {
           0.871556314255, -0.337248719152, 0.355883256859,
           0.449837245675, 0.838757348325, -0.306810304641,
           -0.195028314574, 0.427492002335, 0.882731297992
        }
    );
    _data[2415490.5] = RotMatrix3x3(
        array<PrecType, 9> {
           0.871556314255, -0.337248719152, 0.355883256859,
           0.449837245675, 0.838757348325, -0.306810304641,
           -0.195028314574, 0.427492002335, 0.882731297992
        }
    );
    _data[2415500.5] = RotMatrix3x3(
        array<PrecType, 9> {
           0.871556314255, -0.337248719152, 0.355883256859,
           0.449837245675, 0.838757348325, -0.306810304641,
           -0.195028314574, 0.427492002335, 0.882731297992
        }
    );
    _data[2415510.5] = RotMatrix3x3(
        array<PrecType, 9> {
           0.871556314255, -0.337248719152, 0.355883256859,
           0.449837245675, 0.838757348325, -0.306810304641,
           -0.195028314574, 0.427492002335, 0.882731297992
        }
    );
    _data[2415520.5] = RotMatrix3x3(
        array<PrecType, 9> {
           0.871556314255, -0.337248719152, 0.355883256859,
           0.449837245675, 0.838757348325, -0.306810304641,
           -0.195028314574, 0.427492002335, 0.882731297992
        }
    );
    _data[2415530.5] = RotMatrix3x3(
        array<PrecType, 9> {
           0.871556314255, -0.337248719152, 0.355883256859,
           0.449837245675, 0.838757348325, -0.306810304641,
           -0.195028314574, 0.427492002335, 0.882731297992
        }
    );
    _data[2415540.5] = RotMatrix3x3(
        array<PrecType, 9> {
           0.871556314255, -0.337248719152, 0.355883256859,
           0.449837245675, 0.838757348325, -0.306810304641,
           -0.195028314574, 0.427492002335, 0.882731297992
        }
    );
    _data[2415550.5] = RotMatrix3x3(
        array<PrecType, 9> {
           0.871556314255, -0.337248719152, 0.355883256859,
           0.449837245675, 0.838757348325, -0.306810304641,
           -0.195028314574, 0.427492002335, 0.882731297992
        }
    );
    _data[2415560.5] = RotMatrix3x3(
        array<PrecType, 9> {
           0.871556314255, -0.337248719152, 0.355883256859,
           0.449837245675, 0.838757348325, -0.306810304641,
           -0.195028314574, 0.427492002335, 0.882731297992
        }
    );
    _data[2415570.5] = RotMatrix3x3(
        array<PrecType, 9> {
           0.871556314255, -0.337248719152, 0.355883256859,
           0.449837245675, 0.838757348325, -0.306810304641,
           -0.195028314574, 0.427492002335, 0.882731297992
        }
    );
    _data[2415580.5] = RotMatrix3x3(
        array<PrecType, 9> {
           0.871556314255, -0.337248719152, 0.355883256859,
           0.449837245675, 0.838757348325, -0.306810304641,
           -0.195028314574, 0.427492002335, 0.882731297992
        }
    );
    _data[2415590.5] = RotMatrix3x3(
        array<PrecType, 9> {
           0.871556314255, -0.337248719152, 0.355883256859,
           0.449837245675, 0.838757348325, -0.306810304641,
           -0.195028314574, 0.427492002335, 0.882731297992
        }
    );
    _data[2415600.5] = RotMatrix3x3(
        array<PrecType, 9> {
           0.871556314255, -0.337248719152, 0.355883256859,
           0.449837245675, 0.838757348325, -0.306810304641,
           -0.195028314574, 0.427492002335, 0.882731297992
        }
    );
    _data[2415610.5] = RotMatrix3x3(
        array<PrecType, 9> {
           0.871556314255, -0.337248719152, 0.355883256859,
           0.449837245675, 0.838757348325, -0.306810304641,
           -0.195028314574, 0.427492002335, 0.882731297992
        }
    );
    _data[2415620.5] = RotMatrix3x3(
        array<PrecType, 9> {
           0.871556314255, -0.337248719152, 0.355883256859,
           0.449837245675, 0.838757348325, -0.306810304641,
           -0.195028314574, 0.427492002335, 0.882731297992
        }
    );
    _data[2415630.5] = RotMatrix3x3(
        array<PrecType, 9> {
           0.871556314255, -0.337248719152, 0.355883256859,
           0.449837245675, 0.838757348325, -0.306810304641,
           -0.195028314574, 0.427492002335, 0.882731297992
        }
    );
    _data[2415640.5] = RotMatrix3x3(
        array<PrecType, 9> {
           0.871556314255, -0.337248719152, 0.355883256859,
           0.449837245675, 0.838757348325, -0.306810304641,
           -0.195028314574, 0.427492002335, 0.882731297992
        }
    );
    _data[2415650.5] = RotMatrix3x3(
        array<PrecType, 9> {
           0.871556314255, -0.337248719152, 0.355883256859,
           0.449837245675, 0.838757348325, -0.306810304641,
           -0.195028314574, 0.427492002335, 0.882731297992
        }
    );
    _data[2415660.5] = RotMatrix3x3(
        array<PrecType, 9> {
           0.871556314255, -0.337248719152, 0.355883256859,
           0.449837245675, 0.838757348325, -0.306810304641,
           -0.195028314574, 0.427492002335, 0.882731297992
        }
    );
    _data[2415670.5] = RotMatrix3x3(
        array<PrecType, 9> {
           0.871556314255, -0.337248719152, 0.355883256859,
           0.449837245675, 0.838757348325, -0.306810304641,
           -0.195028314574, 0.427492002335, 0.882731297992
        }
    );
    _data[2415680.5] = RotMatrix3x3(
        array<PrecType, 9> {
           0.871556314255, -0.337248719152, 0.355883256859,
           0.449837245675, 0.838757348325, -0.306810304641,
           -0.195028314574, 0.427492002335, 0.882731297992
        }
    );
    _data[2415690.5] = RotMatrix3x3(
        array<PrecType, 9> {
           0.871556314255, -0.337248719152, 0.355883256859,
           0.449837245675, 0.838757348325, -0.306810304641,
           -0.195028314574, 0.427492002335, 0.882731297992
        }
    );
    _data[2415700.5] = RotMatrix3x3(
        array<PrecType, 9> {
           0.871556314255, -0.337248719152, 0.355883256859,
           0.449837245675, 0.838757348325, -0.306810304641,
           -0.195028314574, 0.427492002335, 0.882731297992
        }
    );
    _data[2415710.5] = RotMatrix3x3(
        array<PrecType, 9> {
           0.871556314255, -0.337248719152, 0.355883256859,
           0.449837245675, 0.838757348325, -0.306810304641,
           -0.195028314574, 0.427492002335, 0.882731297992
        }
    );
    _data[2415720.5] = RotMatrix3x3(
        array<PrecType, 9> {
           0.871556314255, -0.337248719152, 0.355883256859,
           0.449837245675, 0.838757348325, -0.306810304641,
           -0.195028314574, 0.427492002335, 0.882731297992
        }
    );
    _data[2415730.5] = RotMatrix3x3(
        array<PrecType, 9> {
           0.871556314255, -0.337248719152, 0.355883256859,
           0.449837245675, 0.838757348325, -0.306810304641,
           -0.195028314574, 0.427492002335, 0.882731297992
        }
    );
    _data[2415740.5] = RotMatrix3x3(
        array<PrecType, 9> {
           0.871556314255, -0.337248719152, 0.355883256859,
           0.449837245675, 0.838757348325, -0.306810304641,
           -0.195028314574, 0.427492002335, 0.882731297992
        }
    );
    _data[2415750.5] = RotMatrix3x3(
        array<PrecType, 9> {
           0.871556314255, -0.337248719152, 0.355883256859,
           0.449837245675, 0.838757348325, -0.306810304641,
           -0.195028314574, 0.427492002335, 0.882731297992
        }
    );
    _data[2415760.5] = RotMatrix3x3(
        array<PrecType, 9> {
           0.871556314255, -0.337248719152, 0.355883256859,
           0.449837245675, 0.838757348325, -0.306810304641,
           -0.195028314574, 0.427492002335, 0.882731297992
        }
    );
    _data[2415770.5] = RotMatrix3x3(
        array<PrecType, 9> {
           0.871556314255, -0.337248719152, 0.355883256859,
           0.449837245675, 0.838757348325, -0.306810304641,
           -0.195028314574, 0.427492002335, 0.882731297992
        }
    );
    _data[2415780.5] = RotMatrix3x3(
        array<PrecType, 9> {
           0.871556314255, -0.337248719152, 0.355883256859,
           0.449837245675, 0.838757348325, -0.306810304641,
           -0.195028314574, 0.427492002335, 0.882731297992
        }
    );
    _data[2415790.5] = RotMatrix3x3(
        array<PrecType, 9> {
           0.871556314255, -0.337248719152, 0.355883256859,
           0.449837245675, 0.838757348325, -0.306810304641,
           -0.195028314574, 0.427492002335, 0.882731297992
        }
    );
    _data[2415800.5] = RotMatrix3x3(
        array<PrecType, 9> {
           0.871556314255, -0.337248719152, 0.355883256859,
           0.449837245675, 0.838757348325, -0.306810304641,
           -0.195028314574, 0.427492002335, 0.882731297992
        }
    );
    _data[2415810.5] = RotMatrix3x3(
        array<PrecType, 9> {
           0.871556314255, -0.337248719152, 0.355883256859,
           0.449837245675, 0.838757348325, -0.306810304641,
           -0.195028314574, 0.427492002335, 0.882731297992
        }
    );
    _data[2415820.5] = RotMatrix3x3(
        array<PrecType, 9> {
           0.871556314255, -0.337248719152, 0.355883256859,
           0.449837245675, 0.838757348325, -0.306810304641,
           -0.195028314574, 0.427492002335, 0.882731297992
        }
    );
    _data[2415830.5] = RotMatrix3x3(
        array<PrecType, 9> {
           0.871556314255, -0.337248719152, 0.355883256859,
           0.449837245675, 0.838757348325, -0.306810304641,
           -0.195028314574, 0.427492002335, 0.882731297992
        }
    );
    _data[2415840.5] = RotMatrix3x3(
        array<PrecType, 9> {
           0.871556314255, -0.337248719152, 0.355883256859,
           0.449837245675, 0.838757348325, -0.306810304641,
           -0.195028314574, 0.427492002335, 0.882731297992
        }
    );
    _data[2415850.5] = RotMatrix3x3(
        array<PrecType, 9> {
           0.871556314255, -0.337248719152, 0.355883256859,
           0.449837245675, 0.838757348325, -0.306810304641,
           -0.195028314574, 0.427492002335, 0.882731297992
        }
    );
    _data[2415860.5] = RotMatrix3x3(
        array<PrecType, 9> {
           0.871556314255, -0.337248719152, 0.355883256859,
           0.449837245675, 0.838757348325, -0.306810304641,
           -0.195028314574, 0.427492002335, 0.882731297992
        }
    );
    _data[2415870.5] = RotMatrix3x3(
        array<PrecType, 9> {
           0.871556314255, -0.337248719152, 0.355883256859,
           0.449837245675, 0.838757348325, -0.306810304641,
           -0.195028314574, 0.427492002335, 0.882731297992
        }
    );
    _data[2415880.5] = RotMatrix3x3(
        array<PrecType, 9> {
           0.871556314255, -0.337248719152, 0.355883256859,
           0.449837245675, 0.838757348325, -0.306810304641,
           -0.195028314574, 0.427492002335, 0.882731297992
        }
    );
    _data[2415890.5] = RotMatrix3x3(
        array<PrecType, 9> {
           0.871556314255, -0.337248719152, 0.355883256859,
           0.449837245675, 0.838757348325, -0.306810304641,
           -0.195028314574, 0.427492002335, 0.882731297992
        }
    );
    _data[2415900.5] = RotMatrix3x3(
        array<PrecType, 9> {
           0.871556314255, -0.337248719152, 0.355883256859,
           0.449837245675, 0.838757348325, -0.306810304641,
           -0.195028314574, 0.427492002335, 0.882731297992
        }
    );
    _data[2415910.5] = RotMatrix3x3(
        array<PrecType, 9> {
           0.871556314255, -0.337248719152, 0.355883256859,
           0.449837245675, 0.838757348325, -0.306810304641,
           -0.195028314574, 0.427492002335, 0.882731297992
        }
    );
    _data[2415920.5] = RotMatrix3x3(
        array<PrecType, 9> {
           0.871556314255, -0.337248719152, 0.355883256859,
           0.449837245675, 0.838757348325, -0.306810304641,
           -0.195028314574, 0.427492002335, 0.882731297992
        }
    );
    _data[2415930.5] = RotMatrix3x3(
        array<PrecType, 9> {
           0.871556314255, -0.337248719152, 0.355883256859,
           0.449837245675, 0.838757348325, -0.306810304641,
           -0.195028314574, 0.427492002335, 0.882731297992
        }
    );
    _data[2415940.5] = RotMatrix3x3(
        array<PrecType, 9> {
           0.871556314255, -0.337248719152, 0.355883256859,
           0.449837245675, 0.838757348325, -0.306810304641,
           -0.195028314574, 0.427492002335, 0.882731297992
        }
    );
    _data[2415950.5] = RotMatrix3x3(
        array<PrecType, 9> {
           0.871556314255, -0.337248719152, 0.355883256859,
           0.449837245675, 0.838757348325, -0.306810304641,
           -0.195028314574, 0.427492002335, 0.882731297992
        }
    );
    _data[2415960.5] = RotMatrix3x3(
        array<PrecType, 9> {
           0.871556314255, -0.337248719152, 0.355883256859,
           0.449837245675, 0.838757348325, -0.306810304641,
           -0.195028314574, 0.427492002335, 0.882731297992
        }
    );
    _data[2415970.5] = RotMatrix3x3(
        array<PrecType, 9> {
           0.871556314255, -0.337248719152, 0.355883256859,
           0.449837245675, 0.838757348325, -0.306810304641,
           -0.195028314574, 0.427492002335, 0.882731297992
        }
    );
    _data[2415980.5] = RotMatrix3x3(
        array<PrecType, 9> {
           0.871556314255, -0.337248719152, 0.355883256859,
           0.449837245675, 0.838757348325, -0.306810304641,
           -0.195028314574, 0.427492002335, 0.882731297992
        }
    );
    _data[2415990.5] = RotMatrix3x3(
        array<PrecType, 9> {
           0.871556314255, -0.337248719152, 0.355883256859,
           0.449837245675, 0.838757348325, -0.306810304641,
           -0.195028314574, 0.427492002335, 0.882731297992
        }
    );
    _data[2416000.5] = RotMatrix3x3(
        array<PrecType, 9> {
           0.871556314255, -0.337248719152, 0.355883256859,
           0.449837245675, 0.838757348325, -0.306810304641,
           -0.195028314574, 0.427492002335, 0.882731297992
        }
    );
    _data[2416010.5] = RotMatrix3x3(
        array<PrecType, 9> {
           0.871556314255, -0.337248719152, 0.355883256859,
           0.449837245675, 0.838757348325, -0.306810304641,
           -0.195028314574, 0.427492002335, 0.882731297992
        }
    );
    _data[2416020.5] = RotMatrix3x3(
        array<PrecType, 9> {
           0.871556314255, -0.337248719152, 0.355883256859,
           0.449837245675, 0.838757348325, -0.306810304641,
           -0.195028314574, 0.427492002335, 0.882731297992
        }
    );
    _data[2416030.5] = RotMatrix3x3(
        array<PrecType, 9> {
           0.871556314255, -0.337248719152, 0.355883256859,
           0.449837245675, 0.838757348325, -0.306810304641,
           -0.195028314574, 0.427492002335, 0.882731297992
        }
    );
    _data[2416040.5] = RotMatrix3x3(
        array<PrecType, 9> {
           0.871556314255, -0.337248719152, 0.355883256859,
           0.449837245675, 0.838757348325, -0.306810304641,
           -0.195028314574, 0.427492002335, 0.882731297992
        }
    );
    _data[2416050.5] = RotMatrix3x3(
        array<PrecType, 9> {
           0.871556314255, -0.337248719152, 0.355883256859,
           0.449837245675, 0.838757348325, -0.306810304641,
           -0.195028314574, 0.427492002335, 0.882731297992
        }
    );
    _data[2416060.5] = RotMatrix3x3(
        array<PrecType, 9> {
           0.871556314255, -0.337248719152, 0.355883256859,
           0.449837245675, 0.838757348325, -0.306810304641,
           -0.195028314574, 0.427492002335, 0.882731297992
        }
    );
    _data[2416070.5] = RotMatrix3x3(
        array<PrecType, 9> {
           0.871556314255, -0.337248719152, 0.355883256859,
           0.449837245675, 0.838757348325, -0.306810304641,
           -0.195028314574, 0.427492002335, 0.882731297992
        }
    );
    _data[2416080.5] = RotMatrix3x3(
        array<PrecType, 9> {
           0.871556314255, -0.337248719152, 0.355883256859,
           0.449837245675, 0.838757348325, -0.306810304641,
           -0.195028314574, 0.427492002335, 0.882731297992
        }
    );
    _data[2416090.5] = RotMatrix3x3(
        array<PrecType, 9> {
           0.871556314255, -0.337248719152, 0.355883256859,
           0.449837245675, 0.838757348325, -0.306810304641,
           -0.195028314574, 0.427492002335, 0.882731297992
        }
    );
    _data[2416100.5] = RotMatrix3x3(
        array<PrecType, 9> {
           0.871556314255, -0.337248719152, 0.355883256859,
           0.449837245675, 0.838757348325, -0.306810304641,
           -0.195028314574, 0.427492002335, 0.882731297992
        }
    );
    _data[2416110.5] = RotMatrix3x3(
        array<PrecType, 9> {
           0.871556314255, -0.337248719152, 0.355883256859,
           0.449837245675, 0.838757348325, -0.306810304641,
           -0.195028314574, 0.427492002335, 0.882731297992
        }
    );
    _data[2416120.5] = RotMatrix3x3(
        array<PrecType, 9> {
           0.871556314255, -0.337248719152, 0.355883256859,
           0.449837245675, 0.838757348325, -0.306810304641,
           -0.195028314574, 0.427492002335, 0.882731297992
        }
    );
    _data[2416130.5] = RotMatrix3x3(
        array<PrecType, 9> {
           0.871556314255, -0.337248719152, 0.355883256859,
           0.449837245675, 0.838757348325, -0.306810304641,
           -0.195028314574, 0.427492002335, 0.882731297992
        }
    );
    _data[2416140.5] = RotMatrix3x3(
        array<PrecType, 9> {
           0.871556314255, -0.337248719152, 0.355883256859,
           0.449837245675, 0.838757348325, -0.306810304641,
           -0.195028314574, 0.427492002335, 0.882731297992
        }
    );
    _data[2416150.5] = RotMatrix3x3(
        array<PrecType, 9> {
           0.871556314255, -0.337248719152, 0.355883256859,
           0.449837245675, 0.838757348325, -0.306810304641,
           -0.195028314574, 0.427492002335, 0.882731297992
        }
    );
    _data[2416160.5] = RotMatrix3x3(
        array<PrecType, 9> {
           0.871556314255, -0.337248719152, 0.355883256859,
           0.449837245675, 0.838757348325, -0.306810304641,
           -0.195028314574, 0.427492002335, 0.882731297992
        }
    );
    _data[2416170.5] = RotMatrix3x3(
        array<PrecType, 9> {
           0.871556314255, -0.337248719152, 0.355883256859,
           0.449837245675, 0.838757348325, -0.306810304641,
           -0.195028314574, 0.427492002335, 0.882731297992
        }
    );
    _data[2416180.5] = RotMatrix3x3(
        array<PrecType, 9> {
           0.871556314255, -0.337248719152, 0.355883256859,
           0.449837245675, 0.838757348325, -0.306810304641,
           -0.195028314574, 0.427492002335, 0.882731297992
        }
    );
    _data[2416190.5] = RotMatrix3x3(
        array<PrecType, 9> {
           0.871556314255, -0.337248719152, 0.355883256859,
           0.449837245675, 0.838757348325, -0.306810304641,
           -0.195028314574, 0.427492002335, 0.882731297992
        }
    );
    _data[2416200.5] = RotMatrix3x3(
        array<PrecType, 9> {
           0.871556314255, -0.337248719152, 0.355883256859,
           0.449837245675, 0.838757348325, -0.306810304641,
           -0.195028314574, 0.427492002335, 0.882731297992
        }
    );
    _data[2416210.5] = RotMatrix3x3(
        array<PrecType, 9> {
           0.871556314255, -0.337248719152, 0.355883256859,
           0.449837245675, 0.838757348325, -0.306810304641,
           -0.195028314574, 0.427492002335, 0.882731297992
        }
    );
    _data[2416220.5] = RotMatrix3x3(
        array<PrecType, 9> {
           0.871556314255, -0.337248719152, 0.355883256859,
           0.449837245675, 0.838757348325, -0.306810304641,
           -0.195028314574, 0.427492002335, 0.882731297992
        }
    );
    _data[2416230.5] = RotMatrix3x3(
        array<PrecType, 9> {
           0.871556314255, -0.337248719152, 0.355883256859,
           0.449837245675, 0.838757348325, -0.306810304641,
           -0.195028314574, 0.427492002335, 0.882731297992
        }
    );
    _data[2416240.5] = RotMatrix3x3(
        array<PrecType, 9> {
           0.871556314255, -0.337248719152, 0.355883256859,
           0.449837245675, 0.838757348325, -0.306810304641,
           -0.195028314574, 0.427492002335, 0.882731297992
        }
    );
    _data[2416250.5] = RotMatrix3x3(
        array<PrecType, 9> {
           0.871556314255, -0.337248719152, 0.355883256859,
           0.449837245675, 0.838757348325, -0.306810304641,
           -0.195028314574, 0.427492002335, 0.882731297992
        }
    );
    _data[2416260.5] = RotMatrix3x3(
        array<PrecType, 9> {
           0.871556314255, -0.337248719152, 0.355883256859,
           0.449837245675, 0.838757348325, -0.306810304641,
           -0.195028314574, 0.427492002335, 0.882731297992
        }
    );
    _data[2416270.5] = RotMatrix3x3(
        array<PrecType, 9> {
           0.871556314255, -0.337248719152, 0.355883256859,
           0.449837245675, 0.838757348325, -0.306810304641,
           -0.195028314574, 0.427492002335, 0.882731297992
        }
    );
    _data[2416280.5] = RotMatrix3x3(
        array<PrecType, 9> {
           0.871556314255, -0.337248719152, 0.355883256859,
           0.449837245675, 0.838757348325, -0.306810304641,
           -0.195028314574, 0.427492002335, 0.882731297992
        }
    );
    _data[2416290.5] = RotMatrix3x3(
        array<PrecType, 9> {
           0.871556314255, -0.337248719152, 0.355883256859,
           0.449837245675, 0.838757348325, -0.306810304641,
           -0.195028314574, 0.427492002335, 0.882731297992
        }
    );
    _data[2416300.5] = RotMatrix3x3(
        array<PrecType, 9> {
           0.871556314255, -0.337248719152, 0.355883256859,
           0.449837245675, 0.838757348325, -0.306810304641,
           -0.195028314574, 0.427492002335, 0.882731297992
        }
    );
    _data[2416310.5] = RotMatrix3x3(
        array<PrecType, 9> {
           0.871556314255, -0.337248719152, 0.355883256859,
           0.449837245675, 0.838757348325, -0.306810304641,
           -0.195028314574, 0.427492002335, 0.882731297992
        }
    );
    _data[2416320.5] = RotMatrix3x3(
        array<PrecType, 9> {
           0.871556314255, -0.337248719152, 0.355883256859,
           0.449837245675, 0.838757348325, -0.306810304641,
           -0.195028314574, 0.427492002335, 0.882731297992
        }
    );
    _data[2416330.5] = RotMatrix3x3(
        array<PrecType, 9> {
           0.871556314255, -0.337248719152, 0.355883256859,
           0.449837245675, 0.838757348325, -0.306810304641,
           -0.195028314574, 0.427492002335, 0.882731297992
        }
    );
    _data[2416340.5] = RotMatrix3x3(
        array<PrecType, 9> {
           0.871556314255, -0.337248719152, 0.355883256859,
           0.449837245675, 0.838757348325, -0.306810304641,
           -0.195028314574, 0.427492002335, 0.882731297992
        }
    );
    _data[2416350.5] = RotMatrix3x3(
        array<PrecType, 9> {
           0.871556314255, -0.337248719152, 0.355883256859,
           0.449837245675, 0.838757348325, -0.306810304641,
           -0.195028314574, 0.427492002335, 0.882731297992
        }
    );
    _data[2416360.5] = RotMatrix3x3(
        array<PrecType, 9> {
           0.871556314255, -0.337248719152, 0.355883256859,
           0.449837245675, 0.838757348325, -0.306810304641,
           -0.195028314574, 0.427492002335, 0.882731297992
        }
    );
    _data[2416370.5] = RotMatrix3x3(
        array<PrecType, 9> {
           0.871556314255, -0.337248719152, 0.355883256859,
           0.449837245675, 0.838757348325, -0.306810304641,
           -0.195028314574, 0.427492002335, 0.882731297992
        }
    );
    _data[2416380.5] = RotMatrix3x3(
        array<PrecType, 9> {
           0.871556314255, -0.337248719152, 0.355883256859,
           0.449837245675, 0.838757348325, -0.306810304641,
           -0.195028314574, 0.427492002335, 0.882731297992
        }
    );
    _data[2416390.5] = RotMatrix3x3(
        array<PrecType, 9> {
           0.871556314255, -0.337248719152, 0.355883256859,
           0.449837245675, 0.838757348325, -0.306810304641,
           -0.195028314574, 0.427492002335, 0.882731297992
        }
    );
    _data[2416400.5] = RotMatrix3x3(
        array<PrecType, 9> {
           0.871556314255, -0.337248719152, 0.355883256859,
           0.449837245675, 0.838757348325, -0.306810304641,
           -0.195028314574, 0.427492002335, 0.882731297992
        }
    );
    _data[2416410.5] = RotMatrix3x3(
        array<PrecType, 9> {
           0.871556314255, -0.337248719152, 0.355883256859,
           0.449837245675, 0.838757348325, -0.306810304641,
           -0.195028314574, 0.427492002335, 0.882731297992
        }
    );
    _data[2416420.5] = RotMatrix3x3(
        array<PrecType, 9> {
           0.871556314255, -0.337248719152, 0.355883256859,
           0.449837245675, 0.838757348325, -0.306810304641,
           -0.195028314574, 0.427492002335, 0.882731297992
        }
    );
    _data[2416430.5] = RotMatrix3x3(
        array<PrecType, 9> {
           0.871556314255, -0.337248719152, 0.355883256859,
           0.449837245675, 0.838757348325, -0.306810304641,
           -0.195028314574, 0.427492002335, 0.882731297992
        }
    );
    _data[2416440.5] = RotMatrix3x3(
        array<PrecType, 9> {
           0.871556314255, -0.337248719152, 0.355883256859,
           0.449837245675, 0.838757348325, -0.306810304641,
           -0.195028314574, 0.427492002335, 0.882731297992
        }
    );
    _data[2416450.5] = RotMatrix3x3(
        array<PrecType, 9> {
           0.871556314255, -0.337248719152, 0.355883256859,
           0.449837245675, 0.838757348325, -0.306810304641,
           -0.195028314574, 0.427492002335, 0.882731297992
        }
    );
    _data[2416460.5] = RotMatrix3x3(
        array<PrecType, 9> {
           0.871556314255, -0.337248719152, 0.355883256859,
           0.449837245675, 0.838757348325, -0.306810304641,
           -0.195028314574, 0.427492002335, 0.882731297992
        }
    );
    _data[2416470.5] = RotMatrix3x3(
