//# SaturnFrameRotMatrix.cc
//# Copyright (C) 2016 David Mehringer
//# 
//#     This program is free software: you can redistribute it and/or modify
//#     it under the terms of the GNU General Public License as published by
//#     the Free Software Foundation, either version 3 of the License, or
//#     (at your option) any later version.
//# 
//#     This program is distributed in the hope that it will be useful,
//#     but WITHOUT ANY WARRANTY; without even the implied warranty of
//#     MERCHANTABILITY or FITNESS FOR A PARTICULAR PURPOSE.  See the
//#     GNU General Public License for more details.
//# 
//#     You should have received a copy of the GNU General Public License
//#     along with this program.  If not, see <http://www.gnu.org/licenses/>.
//# 
/*
 * SaturnFrameRotMatrix.cpp
 *
 *  Created on: Sep 9, 2015
 *      Author: dmehring
 */

#include "SaturnFrameRotMatrix.h"

using namespace std;

namespace kepler {

map<PrecType, RotMatrix3x3> SaturnFrameRotMatrix::_data;


SaturnFrameRotMatrix::SaturnFrameRotMatrix(): _currentEcToEq(), _currentEqToEc()  {
    if (_data.empty()) {
        _initData();
    }
    _currentEcToEq = *_data.begin();
    _currentEqToEc.first = _currentEcToEq.first;
    _currentEqToEc.second = _currentEcToEq.second.transpose();
}

SaturnFrameRotMatrix::~SaturnFrameRotMatrix() {}

const RotMatrix3x3& SaturnFrameRotMatrix::ecToEq(
    PrecType t, TimeUnit unit
) const {
    if (unit == SECOND) {
        t /= SECOND_PER_DAY;
    }
    if (abs(_currentEcToEq.first - t) > 5) {
        _currentEcToEq = *_data.lower_bound(t - 5);
    }
     return _currentEcToEq.second;
}

const RotMatrix3x3& SaturnFrameRotMatrix::eqToEc(
    PrecType t, TimeUnit unit
) const {
    if (unit == SECOND) {
        t /= SECOND_PER_DAY;
    }
    if (abs(_currentEqToEc.first - t) > 5) {
        //_currentEqToEc.first = t;
        //_currentEqToEc.second = _data.lower_bound(t - 5)->second.transpose();
        auto iter = _data.lower_bound(t - 5);
        _currentEqToEc.first = iter->first;
        _currentEqToEc.second = iter->second.transpose();
    }
    return _currentEqToEc.second;
}

/*
SaturnFrameRotMatrix::SaturnFrameRotMatrix() : _current() {
    if (_data.empty()) {
        _initData();
    }
    _current = *_data.begin();
}

SaturnFrameRotMatrix::~SaturnFrameRotMatrix() {}

const RotMatrix3x3& SaturnFrameRotMatrix::ecToEq(PrecType t) const {
    if (abs(_current.first - t) > 5) {
        _current = *_data.lower_bound(t - 5);
    }
     return _current.second;
}
*/

void SaturnFrameRotMatrix::_initData() {
    _data[2415020.5] = RotMatrix3x3(
        array<PrecType, 9> {
           -0.651105443384, -0.754169696786, 0.0853801501894,
           0.696357221021, -0.548838947411, 0.462452625181,
           -0.301907804351, 0.360560505679, 0.882523540432
        }
    );
    _data[2415030.5] = RotMatrix3x3(
        array<PrecType, 9> {
           -0.65110531282, -0.754169806449, 0.0853801772042,
           0.696357323785, -0.548838819542, 0.462452622196,
           -0.301907848904, 0.360560470941, 0.882523539383
        }
    );
    _data[2415040.5] = RotMatrix3x3(
        array<PrecType, 9> {
           -0.651105182255, -0.754169916112, 0.0853802042191,
           0.696357426548, -0.548838691672, 0.462452619211,
           -0.301907893457, 0.360560436204, 0.882523538333
        }
    );
    _data[2415050.5] = RotMatrix3x3(
        array<PrecType, 9> {
           -0.651105051691, -0.754170025775, 0.0853802312339,
           0.696357529311, -0.548838563803, 0.462452616226,
           -0.301907938011, 0.360560401466, 0.882523537284
        }
    );
    _data[2415060.5] = RotMatrix3x3(
        array<PrecType, 9> {
           -0.651104921127, -0.754170135438, 0.0853802582488,
           0.696357632075, -0.548838435934, 0.462452613241,
           -0.301907982564, 0.360560366729, 0.882523536235
        }
    );
    _data[2415070.5] = RotMatrix3x3(
        array<PrecType, 9> {
           -0.651104790562, -0.7541702451, 0.0853802852636,
           0.696357734838, -0.548838308065, 0.462452610255,
           -0.301908027118, 0.360560331991, 0.882523535185
        }
    );
    _data[2415080.5] = RotMatrix3x3(
        array<PrecType, 9> {
           -0.651104659998, -0.754170354763, 0.0853803122785,
           0.696357837601, -0.548838180195, 0.46245260727,
           -0.301908071671, 0.360560297254, 0.882523534136
        }
    );
    _data[2415090.5] = RotMatrix3x3(
        array<PrecType, 9> {
           -0.651104529434, -0.754170464426, 0.0853803392933,
           0.696357940365, -0.548838052326, 0.462452604285,
           -0.301908116224, 0.360560262516, 0.882523533087
        }
    );
    _data[2415100.5] = RotMatrix3x3(
        array<PrecType, 9> {
           -0.651104398869, -0.754170574089, 0.0853803663082,
           0.696358043128, -0.548837924457, 0.4624526013,
           -0.301908160778, 0.360560227779, 0.882523532037
        }
    );
    _data[2415110.5] = RotMatrix3x3(
        array<PrecType, 9> {
           -0.651104268305, -0.754170683752, 0.0853803933231,
           0.696358145891, -0.548837796587, 0.462452598315,
           -0.301908205331, 0.360560193042, 0.882523530988
        }
    );
    _data[2415120.5] = RotMatrix3x3(
        array<PrecType, 9> {
           -0.651104137741, -0.754170793415, 0.0853804203379,
           0.696358248654, -0.548837668718, 0.46245259533,
           -0.301908249884, 0.360560158304, 0.882523529939
        }
    );
    _data[2415130.5] = RotMatrix3x3(
        array<PrecType, 9> {
           -0.651104007176, -0.754170903078, 0.0853804473528,
           0.696358351417, -0.548837540849, 0.462452592345,
           -0.301908294437, 0.360560123567, 0.882523528889
        }
    );
    _data[2415140.5] = RotMatrix3x3(
        array<PrecType, 9> {
           -0.651103876612, -0.75417101274, 0.0853804743676,
           0.696358454181, -0.548837412979, 0.462452589359,
           -0.301908338991, 0.360560088829, 0.88252352784
        }
    );
    _data[2415150.5] = RotMatrix3x3(
        array<PrecType, 9> {
           -0.651103746047, -0.754171122403, 0.0853805013825,
           0.696358556944, -0.54883728511, 0.462452586374,
           -0.301908383544, 0.360560054091, 0.882523526791
        }
    );
    _data[2415160.5] = RotMatrix3x3(
        array<PrecType, 9> {
           -0.651103615483, -0.754171232066, 0.0853805283974,
           0.696358659707, -0.54883715724, 0.462452583389,
           -0.301908428097, 0.360560019354, 0.882523525742
        }
    );
    _data[2415170.5] = RotMatrix3x3(
        array<PrecType, 9> {
           -0.651103484918, -0.754171341729, 0.0853805554122,
           0.69635876247, -0.548837029371, 0.462452580404,
           -0.301908472651, 0.360559984616, 0.882523524692
        }
    );
    _data[2415180.5] = RotMatrix3x3(
        array<PrecType, 9> {
           -0.651103354354, -0.754171451391, 0.0853805824271,
           0.696358865233, -0.548836901502, 0.462452577419,
           -0.301908517204, 0.360559949879, 0.882523523643
        }
    );
    _data[2415190.5] = RotMatrix3x3(
        array<PrecType, 9> {
           -0.651103223789, -0.754171561054, 0.085380609442,
           0.696358967996, -0.548836773632, 0.462452574434,
           -0.301908561757, 0.360559915141, 0.882523522594
        }
    );
    _data[2415200.5] = RotMatrix3x3(
        array<PrecType, 9> {
           -0.651103093225, -0.754171670716, 0.0853806364569,
           0.696359070759, -0.548836645763, 0.462452571448,
           -0.30190860631, 0.360559880404, 0.882523521544
        }
    );
    _data[2415210.5] = RotMatrix3x3(
        array<PrecType, 9> {
           -0.65110296266, -0.754171780379, 0.0853806634717,
           0.696359173522, -0.548836517893, 0.462452568463,
           -0.301908650864, 0.360559845666, 0.882523520495
        }
    );
    _data[2415220.5] = RotMatrix3x3(
        array<PrecType, 9> {
           -0.651102832096, -0.754171890042, 0.0853806904866,
           0.696359276285, -0.548836390024, 0.462452565478,
           -0.301908695417, 0.360559810929, 0.882523519446
        }
    );
    _data[2415230.5] = RotMatrix3x3(
        array<PrecType, 9> {
           -0.651102701531, -0.754171999704, 0.0853807175015,
           0.696359379048, -0.548836262154, 0.462452562493,
           -0.30190873997, 0.360559776191, 0.882523518396
        }
    );
    _data[2415240.5] = RotMatrix3x3(
        array<PrecType, 9> {
           -0.651102570966, -0.754172109367, 0.0853807445164,
           0.696359481811, -0.548836134284, 0.462452559508,
           -0.301908784523, 0.360559741454, 0.882523517347
        }
    );
    _data[2415250.5] = RotMatrix3x3(
        array<PrecType, 9> {
           -0.651102440402, -0.754172219029, 0.0853807715313,
           0.696359584574, -0.548836006415, 0.462452556522,
           -0.301908829076, 0.360559706716, 0.882523516298
        }
    );
    _data[2415260.5] = RotMatrix3x3(
        array<PrecType, 9> {
           -0.651102309837, -0.754172328692, 0.0853807985461,
           0.696359687337, -0.548835878545, 0.462452553537,
           -0.30190887363, 0.360559671978, 0.882523515249
        }
    );
    _data[2415270.5] = RotMatrix3x3(
        array<PrecType, 9> {
           -0.651102179272, -0.754172438354, 0.085380825561,
           0.6963597901, -0.548835750676, 0.462452550552,
           -0.301908918183, 0.360559637241, 0.882523514199
        }
    );
    _data[2415280.5] = RotMatrix3x3(
        array<PrecType, 9> {
           -0.651102048708, -0.754172548017, 0.0853808525759,
           0.696359892863, -0.548835622806, 0.462452547567,
           -0.301908962736, 0.360559602503, 0.88252351315
        }
    );
    _data[2415290.5] = RotMatrix3x3(
        array<PrecType, 9> {
           -0.651101918143, -0.754172657679, 0.0853808795908,
           0.696359995626, -0.548835494936, 0.462452544581,
           -0.301909007289, 0.360559567765, 0.882523512101
        }
    );
    _data[2415300.5] = RotMatrix3x3(
        array<PrecType, 9> {
           -0.651101787578, -0.754172767341, 0.0853809066057,
           0.696360098389, -0.548835367067, 0.462452541596,
           -0.301909051842, 0.360559533028, 0.882523511051
        }
    );
    _data[2415310.5] = RotMatrix3x3(
        array<PrecType, 9> {
           -0.651101657014, -0.754172877004, 0.0853809336206,
           0.696360201152, -0.548835239197, 0.462452538611,
           -0.301909096395, 0.36055949829, 0.882523510002
        }
    );
    _data[2415320.5] = RotMatrix3x3(
        array<PrecType, 9> {
           -0.651101526449, -0.754172986666, 0.0853809606355,
           0.696360303914, -0.548835111327, 0.462452535626,
           -0.301909140949, 0.360559463553, 0.882523508953
        }
    );
    _data[2415330.5] = RotMatrix3x3(
        array<PrecType, 9> {
           -0.651101395884, -0.754173096329, 0.0853809876504,
           0.696360406677, -0.548834983458, 0.46245253264,
           -0.301909185502, 0.360559428815, 0.882523507904
        }
    );
    _data[2415340.5] = RotMatrix3x3(
        array<PrecType, 9> {
           -0.651101265319, -0.754173205991, 0.0853810146653,
           0.69636050944, -0.548834855588, 0.462452529655,
           -0.301909230055, 0.360559394077, 0.882523506854
        }
    );
    _data[2415350.5] = RotMatrix3x3(
        array<PrecType, 9> {
           -0.651101134754, -0.754173315653, 0.0853810416802,
           0.696360612203, -0.548834727718, 0.46245252667,
           -0.301909274608, 0.36055935934, 0.882523505805
        }
    );
    _data[2415360.5] = RotMatrix3x3(
        array<PrecType, 9> {
           -0.651101004189, -0.754173425315, 0.0853810686951,
           0.696360714965, -0.548834599848, 0.462452523684,
           -0.301909319161, 0.360559324602, 0.882523504756
        }
    );
    _data[2415370.5] = RotMatrix3x3(
        array<PrecType, 9> {
           -0.651100873625, -0.754173534978, 0.08538109571,
           0.696360817728, -0.548834471979, 0.462452520699,
           -0.301909363714, 0.360559289864, 0.882523503707
        }
    );
    _data[2415380.5] = RotMatrix3x3(
        array<PrecType, 9> {
           -0.65110074306, -0.75417364464, 0.0853811227249,
           0.696360920491, -0.548834344109, 0.462452517714,
           -0.301909408267, 0.360559255127, 0.882523502657
        }
    );
    _data[2415390.5] = RotMatrix3x3(
        array<PrecType, 9> {
           -0.651100612495, -0.754173754302, 0.0853811497398,
           0.696361023254, -0.548834216239, 0.462452514728,
           -0.30190945282, 0.360559220389, 0.882523501608
        }
    );
    _data[2415400.5] = RotMatrix3x3(
        array<PrecType, 9> {
           -0.65110048193, -0.754173863964, 0.0853811767547,
           0.696361126016, -0.548834088369, 0.462452511743,
           -0.301909497373, 0.360559185651, 0.882523500559
        }
    );
    _data[2415410.5] = RotMatrix3x3(
        array<PrecType, 9> {
           -0.651100351365, -0.754173973626, 0.0853812037696,
           0.696361228779, -0.548833960499, 0.462452508758,
           -0.301909541926, 0.360559150913, 0.882523499509
        }
    );
    _data[2415420.5] = RotMatrix3x3(
        array<PrecType, 9> {
           -0.6511002208, -0.754174083288, 0.0853812307845,
           0.696361331541, -0.548833832629, 0.462452505772,
           -0.301909586479, 0.360559116176, 0.88252349846
        }
    );
    _data[2415430.5] = RotMatrix3x3(
        array<PrecType, 9> {
           -0.651100090235, -0.754174192951, 0.0853812577994,
           0.696361434304, -0.548833704759, 0.462452502787,
           -0.301909631032, 0.360559081438, 0.882523497411
        }
    );
    _data[2415440.5] = RotMatrix3x3(
        array<PrecType, 9> {
           -0.65109995967, -0.754174302613, 0.0853812848143,
           0.696361537067, -0.54883357689, 0.462452499802,
           -0.301909675585, 0.3605590467, 0.882523496362
        }
    );
    _data[2415450.5] = RotMatrix3x3(
        array<PrecType, 9> {
           -0.651099829105, -0.754174412275, 0.0853813118293,
           0.696361639829, -0.54883344902, 0.462452496816,
           -0.301909720138, 0.360559011962, 0.882523495312
        }
    );
    _data[2415460.5] = RotMatrix3x3(
        array<PrecType, 9> {
           -0.65109969854, -0.754174521937, 0.0853813388442,
           0.696361742592, -0.54883332115, 0.462452493831,
           -0.301909764691, 0.360558977225, 0.882523494263
        }
    );
    _data[2415470.5] = RotMatrix3x3(
        array<PrecType, 9> {
           -0.651099567975, -0.754174631599, 0.0853813658591,
           0.696361845354, -0.54883319328, 0.462452490846,
           -0.301909809244, 0.360558942487, 0.882523493214
        }
    );
    _data[2415480.5] = RotMatrix3x3(
        array<PrecType, 9> {
           -0.65109943741, -0.754174741261, 0.085381392874,
           0.696361948117, -0.54883306541, 0.46245248786,
           -0.301909853797, 0.360558907749, 0.882523492165
        }
    );
    _data[2415490.5] = RotMatrix3x3(
        array<PrecType, 9> {
           -0.651099306845, -0.754174850923, 0.0853814198889,
           0.696362050879, -0.54883293754, 0.462452484875,
           -0.30190989835, 0.360558873011, 0.882523491116
        }
    );
    _data[2415500.5] = RotMatrix3x3(
        array<PrecType, 9> {
           -0.651099176279, -0.754174960585, 0.0853814469039,
           0.696362153642, -0.54883280967, 0.462452481889,
           -0.301909942903, 0.360558838274, 0.882523490066
        }
    );
    _data[2415510.5] = RotMatrix3x3(
        array<PrecType, 9> {
           -0.651099045714, -0.754175070247, 0.0853814739188,
           0.696362256404, -0.5488326818, 0.462452478904,
           -0.301909987456, 0.360558803536, 0.882523489017
        }
    );
    _data[2415520.5] = RotMatrix3x3(
        array<PrecType, 9> {
           -0.651098915149, -0.754175179908, 0.0853815009337,
           0.696362359166, -0.54883255393, 0.462452475919,
           -0.301910032009, 0.360558768798, 0.882523487968
        }
    );
    _data[2415530.5] = RotMatrix3x3(
        array<PrecType, 9> {
           -0.651098784584, -0.75417528957, 0.0853815279487,
           0.696362461929, -0.54883242606, 0.462452472933,
           -0.301910076562, 0.36055873406, 0.882523486919
        }
    );
    _data[2415540.5] = RotMatrix3x3(
        array<PrecType, 9> {
           -0.651098654019, -0.754175399232, 0.0853815549636,
           0.696362564691, -0.548832298189, 0.462452469948,
           -0.301910121115, 0.360558699322, 0.882523485869
        }
    );
    _data[2415550.5] = RotMatrix3x3(
        array<PrecType, 9> {
           -0.651098523454, -0.754175508894, 0.0853815819785,
           0.696362667453, -0.548832170319, 0.462452466962,
           -0.301910165668, 0.360558664585, 0.88252348482
        }
    );
    _data[2415560.5] = RotMatrix3x3(
        array<PrecType, 9> {
           -0.651098392888, -0.754175618556, 0.0853816089935,
           0.696362770216, -0.548832042449, 0.462452463977,
           -0.301910210221, 0.360558629847, 0.882523483771
        }
    );
    _data[2415570.5] = RotMatrix3x3(
        array<PrecType, 9> {
           -0.651098262323, -0.754175728218, 0.0853816360084,
           0.696362872978, -0.548831914579, 0.462452460992,
           -0.301910254774, 0.360558595109, 0.882523482722
        }
    );
    _data[2415580.5] = RotMatrix3x3(
        array<PrecType, 9> {
           -0.651098131758, -0.754175837879, 0.0853816630233,
           0.69636297574, -0.548831786709, 0.462452458006,
           -0.301910299327, 0.360558560371, 0.882523481673
        }
    );
    _data[2415590.5] = RotMatrix3x3(
        array<PrecType, 9> {
           -0.651098001192, -0.754175947541, 0.0853816900383,
           0.696363078503, -0.548831658839, 0.462452455021,
           -0.30191034388, 0.360558525633, 0.882523480623
        }
    );
    _data[2415600.5] = RotMatrix3x3(
        array<PrecType, 9> {
           -0.651097870627, -0.754176057203, 0.0853817170532,
           0.696363181265, -0.548831530969, 0.462452452035,
           -0.301910388433, 0.360558490895, 0.882523479574
        }
    );
    _data[2415610.5] = RotMatrix3x3(
        array<PrecType, 9> {
           -0.651097740062, -0.754176166864, 0.0853817440682,
           0.696363284027, -0.548831403098, 0.46245244905,
           -0.301910432985, 0.360558456158, 0.882523478525
        }
    );
    _data[2415620.5] = RotMatrix3x3(
        array<PrecType, 9> {
           -0.651097609496, -0.754176276526, 0.0853817710831,
           0.696363386789, -0.548831275228, 0.462452446064,
           -0.301910477538, 0.36055842142, 0.882523477476
        }
    );
    _data[2415630.5] = RotMatrix3x3(
        array<PrecType, 9> {
           -0.651097478931, -0.754176386188, 0.085381798098,
           0.696363489551, -0.548831147358, 0.462452443079,
           -0.301910522091, 0.360558386682, 0.882523476427
        }
    );
    _data[2415640.5] = RotMatrix3x3(
        array<PrecType, 9> {
           -0.651097348366, -0.754176495849, 0.085381825113,
           0.696363592314, -0.548831019488, 0.462452440093,
           -0.301910566644, 0.360558351944, 0.882523475377
        }
    );
    _data[2415650.5] = RotMatrix3x3(
        array<PrecType, 9> {
           -0.6510972178, -0.754176605511, 0.0853818521279,
           0.696363695076, -0.548830891617, 0.462452437108,
           -0.301910611197, 0.360558317206, 0.882523474328
        }
    );
    _data[2415660.5] = RotMatrix3x3(
        array<PrecType, 9> {
           -0.651097087235, -0.754176715172, 0.0853818791429,
           0.696363797838, -0.548830763747, 0.462452434122,
           -0.30191065575, 0.360558282468, 0.882523473279
        }
    );
    _data[2415670.5] = RotMatrix3x3(
        array<PrecType, 9> {
           -0.651096956669, -0.754176824834, 0.0853819061579,
           0.6963639006, -0.548830635877, 0.462452431137,
           -0.301910700303, 0.36055824773, 0.88252347223
        }
    );
    _data[2415680.5] = RotMatrix3x3(
        array<PrecType, 9> {
           -0.651096826104, -0.754176934496, 0.0853819331728,
           0.696364003362, -0.548830508007, 0.462452428151,
           -0.301910744855, 0.360558212992, 0.882523471181
        }
    );
    _data[2415690.5] = RotMatrix3x3(
        array<PrecType, 9> {
           -0.651096695538, -0.754177044157, 0.0853819601878,
           0.696364106124, -0.548830380136, 0.462452425166,
           -0.301910789408, 0.360558178254, 0.882523470131
        }
    );
    _data[2415700.5] = RotMatrix3x3(
        array<PrecType, 9> {
           -0.651096564973, -0.754177153819, 0.0853819872027,
           0.696364208886, -0.548830252266, 0.46245242218,
           -0.301910833961, 0.360558143516, 0.882523469082
        }
    );
    _data[2415710.5] = RotMatrix3x3(
        array<PrecType, 9> {
           -0.651096434407, -0.75417726348, 0.0853820142177,
           0.696364311648, -0.548830124395, 0.462452419195,
           -0.301910878514, 0.360558108779, 0.882523468033
        }
    );
    _data[2415720.5] = RotMatrix3x3(
        array<PrecType, 9> {
           -0.651096303842, -0.754177373141, 0.0853820412326,
           0.69636441441, -0.548829996525, 0.462452416209,
           -0.301910923066, 0.360558074041, 0.882523466984
        }
    );
    _data[2415730.5] = RotMatrix3x3(
        array<PrecType, 9> {
           -0.651096173276, -0.754177482803, 0.0853820682476,
           0.696364517172, -0.548829868655, 0.462452413224,
           -0.301910967619, 0.360558039303, 0.882523465935
        }
    );
    _data[2415740.5] = RotMatrix3x3(
        array<PrecType, 9> {
           -0.651096042711, -0.754177592464, 0.0853820952626,
           0.696364619934, -0.548829740784, 0.462452410238,
           -0.301911012172, 0.360558004565, 0.882523464886
        }
    );
    _data[2415750.5] = RotMatrix3x3(
        array<PrecType, 9> {
           -0.651095912145, -0.754177702126, 0.0853821222775,
           0.696364722696, -0.548829612914, 0.462452407252,
           -0.301911056725, 0.360557969827, 0.882523463836
        }
    );
    _data[2415760.5] = RotMatrix3x3(
        array<PrecType, 9> {
           -0.651095781579, -0.754177811787, 0.0853821492925,
           0.696364825458, -0.548829485043, 0.462452404267,
           -0.301911101277, 0.360557935089, 0.882523462787
        }
    );
    _data[2415770.5] = RotMatrix3x3(
        array<PrecType, 9> {
           -0.651095651014, -0.754177921448, 0.0853821763075,
           0.69636492822, -0.548829357173, 0.462452401281,
           -0.30191114583, 0.360557900351, 0.882523461738
        }
    );
    _data[2415780.5] = RotMatrix3x3(
        array<PrecType, 9> {
           -0.651095520448, -0.754178031109, 0.0853822033224,
           0.696365030982, -0.548829229302, 0.462452398296,
           -0.301911190383, 0.360557865613, 0.882523460689
        }
    );
    _data[2415790.5] = RotMatrix3x3(
        array<PrecType, 9> {
           -0.651095389882, -0.754178140771, 0.0853822303374,
           0.696365133743, -0.548829101432, 0.46245239531,
           -0.301911234936, 0.360557830875, 0.88252345964
        }
    );
    _data[2415800.5] = RotMatrix3x3(
        array<PrecType, 9> {
           -0.651095259317, -0.754178250432, 0.0853822573524,
           0.696365236505, -0.548828973561, 0.462452392325,
           -0.301911279488, 0.360557796137, 0.882523458591
        }
    );
    _data[2415810.5] = RotMatrix3x3(
        array<PrecType, 9> {
           -0.651095128751, -0.754178360093, 0.0853822843674,
           0.696365339267, -0.548828845691, 0.462452389339,
           -0.301911324041, 0.360557761399, 0.882523457541
        }
    );
    _data[2415820.5] = RotMatrix3x3(
        array<PrecType, 9> {
           -0.651094998185, -0.754178469754, 0.0853823113824,
           0.696365442029, -0.54882871782, 0.462452386353,
           -0.301911368594, 0.360557726661, 0.882523456492
        }
    );
    _data[2415830.5] = RotMatrix3x3(
        array<PrecType, 9> {
           -0.65109486762, -0.754178579416, 0.0853823383973,
           0.696365544791, -0.54882858995, 0.462452383368,
           -0.301911413146, 0.360557691923, 0.882523455443
        }
    );
    _data[2415840.5] = RotMatrix3x3(
        array<PrecType, 9> {
           -0.651094737054, -0.754178689077, 0.0853823654123,
           0.696365647552, -0.548828462079, 0.462452380382,
           -0.301911457699, 0.360557657185, 0.882523454394
        }
    );
    _data[2415850.5] = RotMatrix3x3(
        array<PrecType, 9> {
           -0.651094606488, -0.754178798738, 0.0853823924273,
           0.696365750314, -0.548828334208, 0.462452377396,
           -0.301911502252, 0.360557622447, 0.882523453345
        }
    );
    _data[2415860.5] = RotMatrix3x3(
        array<PrecType, 9> {
           -0.651094475922, -0.754178908399, 0.0853824194423,
           0.696365853076, -0.548828206338, 0.462452374411,
           -0.301911546804, 0.360557587709, 0.882523452296
        }
    );
    _data[2415870.5] = RotMatrix3x3(
        array<PrecType, 9> {
           -0.651094345356, -0.75417901806, 0.0853824464573,
           0.696365955837, -0.548828078467, 0.462452371425,
           -0.301911591357, 0.36055755297, 0.882523451247
        }
    );
    _data[2415880.5] = RotMatrix3x3(
        array<PrecType, 9> {
           -0.65109421479, -0.754179127721, 0.0853824734723,
           0.696366058599, -0.548827950596, 0.46245236844,
           -0.30191163591, 0.360557518232, 0.882523450197
        }
    );
    _data[2415890.5] = RotMatrix3x3(
        array<PrecType, 9> {
           -0.651094084225, -0.754179237382, 0.0853825004873,
           0.696366161361, -0.548827822726, 0.462452365454,
           -0.301911680462, 0.360557483494, 0.882523449148
        }
    );
    _data[2415900.5] = RotMatrix3x3(
        array<PrecType, 9> {
           -0.651093953659, -0.754179347043, 0.0853825275022,
           0.696366264122, -0.548827694855, 0.462452362468,
           -0.301911725015, 0.360557448756, 0.882523448099
        }
    );
    _data[2415910.5] = RotMatrix3x3(
        array<PrecType, 9> {
           -0.651093823093, -0.754179456704, 0.0853825545172,
           0.696366366884, -0.548827566984, 0.462452359483,
           -0.301911769567, 0.360557414018, 0.88252344705
        }
    );
    _data[2415920.5] = RotMatrix3x3(
        array<PrecType, 9> {
           -0.651093692527, -0.754179566365, 0.0853825815322,
           0.696366469645, -0.548827439114, 0.462452356497,
           -0.30191181412, 0.36055737928, 0.882523446001
        }
    );
    _data[2415930.5] = RotMatrix3x3(
        array<PrecType, 9> {
           -0.651093561961, -0.754179676026, 0.0853826085472,
           0.696366572407, -0.548827311243, 0.462452353511,
           -0.301911858673, 0.360557344542, 0.882523444952
        }
    );
    _data[2415940.5] = RotMatrix3x3(
        array<PrecType, 9> {
           -0.651093431395, -0.754179785687, 0.0853826355622,
           0.696366675169, -0.548827183372, 0.462452350525,
           -0.301911903225, 0.360557309804, 0.882523443903
        }
    );
    _data[2415950.5] = RotMatrix3x3(
        array<PrecType, 9> {
           -0.651093300829, -0.754179895348, 0.0853826625772,
           0.69636677793, -0.548827055501, 0.46245234754,
           -0.301911947778, 0.360557275066, 0.882523442854
        }
    );
    _data[2415960.5] = RotMatrix3x3(
        array<PrecType, 9> {
           -0.651093170263, -0.754180005009, 0.0853826895922,
           0.696366880692, -0.54882692763, 0.462452344554,
           -0.30191199233, 0.360557240328, 0.882523441804
        }
    );
    _data[2415970.5] = RotMatrix3x3(
        array<PrecType, 9> {
           -0.651093039697, -0.75418011467, 0.0853827166072,
           0.696366983453, -0.54882679976, 0.462452341568,
           -0.301912036883, 0.360557205589, 0.882523440755
        }
    );
    _data[2415980.5] = RotMatrix3x3(
        array<PrecType, 9> {
           -0.651092909131, -0.75418022433, 0.0853827436223,
           0.696367086215, -0.548826671889, 0.462452338583,
           -0.301912081435, 0.360557170851, 0.882523439706
        }
    );
    _data[2415990.5] = RotMatrix3x3(
        array<PrecType, 9> {
           -0.651092778565, -0.754180333991, 0.0853827706373,
           0.696367188976, -0.548826544018, 0.462452335597,
           -0.301912125988, 0.360557136113, 0.882523438657
        }
    );
    _data[2416000.5] = RotMatrix3x3(
        array<PrecType, 9> {
           -0.651092647999, -0.754180443652, 0.0853827976523,
           0.696367291737, -0.548826416147, 0.462452332611,
           -0.301912170541, 0.360557101375, 0.882523437608
        }
    );
    _data[2416010.5] = RotMatrix3x3(
        array<PrecType, 9> {
           -0.651092517433, -0.754180553313, 0.0853828246673,
           0.696367394499, -0.548826288276, 0.462452329625,
           -0.301912215093, 0.360557066637, 0.882523436559
        }
    );
    _data[2416020.5] = RotMatrix3x3(
        array<PrecType, 9> {
           -0.651092386866, -0.754180662974, 0.0853828516823,
           0.69636749726, -0.548826160405, 0.46245232664,
           -0.301912259646, 0.360557031899, 0.88252343551
        }
    );
    _data[2416030.5] = RotMatrix3x3(
        array<PrecType, 9> {
           -0.6510922563, -0.754180772634, 0.0853828786973,
           0.696367600021, -0.548826032534, 0.462452323654,
           -0.301912304198, 0.360556997161, 0.882523434461
        }
    );
    _data[2416040.5] = RotMatrix3x3(
        array<PrecType, 9> {
           -0.651092125734, -0.754180882295, 0.0853829057123,
           0.696367702783, -0.548825904663, 0.462452320668,
           -0.301912348751, 0.360556962422, 0.882523433412
        }
    );
    _data[2416050.5] = RotMatrix3x3(
        array<PrecType, 9> {
           -0.651091995168, -0.754180991956, 0.0853829327273,
           0.696367805544, -0.548825776792, 0.462452317682,
           -0.301912393303, 0.360556927684, 0.882523432363
        }
    );
    _data[2416060.5] = RotMatrix3x3(
        array<PrecType, 9> {
           -0.651091864602, -0.754181101616, 0.0853829597424,
           0.696367908305, -0.548825648921, 0.462452314697,
           -0.301912437855, 0.360556892946, 0.882523431313
        }
    );
    _data[2416070.5] = RotMatrix3x3(
        array<PrecType, 9> {
           -0.651091734035, -0.754181211277, 0.0853829867574,
           0.696368011067, -0.54882552105, 0.462452311711,
           -0.301912482408, 0.360556858208, 0.882523430264
        }
    );
    _data[2416080.5] = RotMatrix3x3(
        array<PrecType, 9> {
           -0.651091603469, -0.754181320937, 0.0853830137724,
           0.696368113828, -0.548825393179, 0.462452308725,
           -0.30191252696, 0.36055682347, 0.882523429215
        }
    );
    _data[2416090.5] = RotMatrix3x3(
        array<PrecType, 9> {
           -0.651091472903, -0.754181430598, 0.0853830407874,
           0.696368216589, -0.548825265308, 0.462452305739,
           -0.301912571513, 0.360556788731, 0.882523428166
        }
    );
    _data[2416100.5] = RotMatrix3x3(
        array<PrecType, 9> {
           -0.651091342337, -0.754181540259, 0.0853830678025,
           0.69636831935, -0.548825137437, 0.462452302754,
           -0.301912616065, 0.360556753993, 0.882523427117
        }
    );
    _data[2416110.5] = RotMatrix3x3(
        array<PrecType, 9> {
           -0.65109121177, -0.754181649919, 0.0853830948175,
           0.696368422112, -0.548825009566, 0.462452299768,
           -0.301912660618, 0.360556719255, 0.882523426068
        }
    );
    _data[2416120.5] = RotMatrix3x3(
        array<PrecType, 9> {
           -0.651091081204, -0.75418175958, 0.0853831218325,
           0.696368524873, -0.548824881695, 0.462452296782,
           -0.30191270517, 0.360556684517, 0.882523425019
        }
    );
    _data[2416130.5] = RotMatrix3x3(
        array<PrecType, 9> {
           -0.651090950638, -0.75418186924, 0.0853831488475,
           0.696368627634, -0.548824753824, 0.462452293796,
           -0.301912749723, 0.360556649778, 0.88252342397
        }
    );
    _data[2416140.5] = RotMatrix3x3(
        array<PrecType, 9> {
           -0.651090820071, -0.754181978901, 0.0853831758626,
           0.696368730395, -0.548824625953, 0.46245229081,
           -0.301912794275, 0.36055661504, 0.882523422921
        }
    );
    _data[2416150.5] = RotMatrix3x3(
        array<PrecType, 9> {
           -0.651090689505, -0.754182088561, 0.0853832028776,
           0.696368833156, -0.548824498082, 0.462452287824,
           -0.301912838827, 0.360556580302, 0.882523421872
        }
    );
    _data[2416160.5] = RotMatrix3x3(
        array<PrecType, 9> {
           -0.651090558939, -0.754182198221, 0.0853832298927,
           0.696368935917, -0.548824370211, 0.462452284839,
           -0.30191288338, 0.360556545564, 0.882523420823
        }
    );
    _data[2416170.5] = RotMatrix3x3(
        array<PrecType, 9> {
           -0.651090428372, -0.754182307882, 0.0853832569077,
           0.696369038678, -0.54882424234, 0.462452281853,
           -0.301912927932, 0.360556510825, 0.882523419774
        }
    );
    _data[2416180.5] = RotMatrix3x3(
        array<PrecType, 9> {
           -0.651090297806, -0.754182417542, 0.0853832839227,
           0.696369141439, -0.548824114468, 0.462452278867,
           -0.301912972484, 0.360556476087, 0.882523418725
        }
    );
    _data[2416190.5] = RotMatrix3x3(
        array<PrecType, 9> {
           -0.651090167239, -0.754182527203, 0.0853833109378,
           0.6963692442, -0.548823986597, 0.462452275881,
           -0.301913017037, 0.360556441349, 0.882523417676
        }
    );
    _data[2416200.5] = RotMatrix3x3(
        array<PrecType, 9> {
           -0.651090036673, -0.754182636863, 0.0853833379528,
           0.696369346961, -0.548823858726, 0.462452272895,
           -0.301913061589, 0.36055640661, 0.882523416627
        }
    );
    _data[2416210.5] = RotMatrix3x3(
        array<PrecType, 9> {
           -0.651089906106, -0.754182746523, 0.0853833649679,
           0.696369449722, -0.548823730855, 0.462452269909,
           -0.301913106141, 0.360556371872, 0.882523415577
        }
    );
    _data[2416220.5] = RotMatrix3x3(
        array<PrecType, 9> {
           -0.65108977554, -0.754182856183, 0.0853833919829,
           0.696369552483, -0.548823602983, 0.462452266923,
           -0.301913150694, 0.360556337134, 0.882523414528
        }
    );
    _data[2416230.5] = RotMatrix3x3(
        array<PrecType, 9> {
           -0.651089644973, -0.754182965844, 0.085383418998,
           0.696369655244, -0.548823475112, 0.462452263938,
           -0.301913195246, 0.360556302395, 0.882523413479
        }
    );
    _data[2416240.5] = RotMatrix3x3(
        array<PrecType, 9> {
           -0.651089514407, -0.754183075504, 0.085383446013,
           0.696369758005, -0.548823347241, 0.462452260952,
           -0.301913239798, 0.360556267657, 0.88252341243
        }
    );
    _data[2416250.5] = RotMatrix3x3(
        array<PrecType, 9> {
           -0.65108938384, -0.754183185164, 0.0853834730281,
           0.696369860766, -0.54882321937, 0.462452257966,
           -0.301913284351, 0.360556232919, 0.882523411381
        }
    );
    _data[2416260.5] = RotMatrix3x3(
        array<PrecType, 9> {
           -0.651089253274, -0.754183294824, 0.0853835000431,
           0.696369963527, -0.548823091498, 0.46245225498,
           -0.301913328903, 0.36055619818, 0.882523410332
        }
    );
    _data[2416270.5] = RotMatrix3x3(
        array<PrecType, 9> {
           -0.651089122707, -0.754183404484, 0.0853835270582,
           0.696370066288, -0.548822963627, 0.462452251994,
           -0.301913373455, 0.360556163442, 0.882523409283
        }
    );
    _data[2416280.5] = RotMatrix3x3(
        array<PrecType, 9> {
           -0.65108899214, -0.754183514145, 0.0853835540732,
           0.696370169049, -0.548822835756, 0.462452249008,
           -0.301913418008, 0.360556128704, 0.882523408234
        }
    );
    _data[2416290.5] = RotMatrix3x3(
        array<PrecType, 9> {
           -0.651088861574, -0.754183623805, 0.0853835810883,
           0.696370271809, -0.548822707884, 0.462452246022,
           -0.30191346256, 0.360556093965, 0.882523407185
        }
    );
    _data[2416300.5] = RotMatrix3x3(
        array<PrecType, 9> {
           -0.651088731007, -0.754183733465, 0.0853836081033,
           0.69637037457, -0.548822580013, 0.462452243036,
           -0.301913507112, 0.360556059227, 0.882523406136
        }
    );
    _data[2416310.5] = RotMatrix3x3(
        array<PrecType, 9> {
           -0.65108860044, -0.754183843125, 0.0853836351184,
           0.696370477331, -0.548822452141, 0.46245224005,
           -0.301913551664, 0.360556024488, 0.882523405087
        }
    );
    _data[2416320.5] = RotMatrix3x3(
        array<PrecType, 9> {
           -0.651088469874, -0.754183952785, 0.0853836621335,
           0.696370580092, -0.54882232427, 0.462452237064,
           -0.301913596217, 0.36055598975, 0.882523404038
        }
    );
    _data[2416330.5] = RotMatrix3x3(
        array<PrecType, 9> {
           -0.651088339307, -0.754184062445, 0.0853836891485,
           0.696370682852, -0.548822196399, 0.462452234078,
           -0.301913640769, 0.360555955012, 0.882523402989
        }
    );
    _data[2416340.5] = RotMatrix3x3(
        array<PrecType, 9> {
           -0.65108820874, -0.754184172105, 0.0853837161636,
           0.696370785613, -0.548822068527, 0.462452231092,
           -0.301913685321, 0.360555920273, 0.88252340194
        }
    );
    _data[2416350.5] = RotMatrix3x3(
        array<PrecType, 9> {
           -0.651088078173, -0.754184281765, 0.0853837431787,
           0.696370888374, -0.548821940656, 0.462452228106,
           -0.301913729873, 0.360555885535, 0.882523400891
        }
    );
    _data[2416360.5] = RotMatrix3x3(
        array<PrecType, 9> {
           -0.651087947607, -0.754184391425, 0.0853837701937,
           0.696370991134, -0.548821812784, 0.46245222512,
           -0.301913774425, 0.360555850796, 0.882523399842
        }
    );
    _data[2416370.5] = RotMatrix3x3(
        array<PrecType, 9> {
           -0.65108781704, -0.754184501085, 0.0853837972088,
           0.696371093895, -0.548821684913, 0.462452222134,
           -0.301913818978, 0.360555816058, 0.882523398793
        }
    );
    _data[2416380.5] = RotMatrix3x3(
        array<PrecType, 9> {
           -0.651087686473, -0.754184610745, 0.0853838242239,
           0.696371196656, -0.548821557041, 0.462452219148,
           -0.30191386353, 0.36055578132, 0.882523397744
        }
    );
    _data[2416390.5] = RotMatrix3x3(
        array<PrecType, 9> {
           -0.651087555906, -0.754184720405, 0.085383851239,
           0.696371299416, -0.548821429169, 0.462452216162,
           -0.301913908082, 0.360555746581, 0.882523396695
        }
    );
    _data[2416400.5] = RotMatrix3x3(
        array<PrecType, 9> {
           -0.651087425339, -0.754184830064, 0.085383878254,
           0.696371402177, -0.548821301298, 0.462452213176,
           -0.301913952634, 0.360555711843, 0.882523395646
        }
    );
    _data[2416410.5] = RotMatrix3x3(
        array<PrecType, 9> {
           -0.651087294772, -0.754184939724, 0.0853839052691,
           0.696371504937, -0.548821173426, 0.46245221019,
           -0.301913997186, 0.360555677104, 0.882523394597
        }
    );
    _data[2416420.5] = RotMatrix3x3(
        array<PrecType, 9> {
           -0.651087164206, -0.754185049384, 0.0853839322842,
           0.696371607698, -0.548821045555, 0.462452207204,
           -0.301914041738, 0.360555642366, 0.882523393548
        }
    );
    _data[2416430.5] = RotMatrix3x3(
        array<PrecType, 9> {
           -0.651087033639, -0.754185159044, 0.0853839592993,
           0.696371710459, -0.548820917683, 0.462452204218,
           -0.301914086291, 0.360555607627, 0.882523392499
        }
    );
    _data[2416440.5] = RotMatrix3x3(
        array<PrecType, 9> {
